#12 Tumours NCBI gene
7157
5290
5728
324
7428
3845
58508
8085
8289
55193
89795
1956
4763
5295
1029
2625
5925
4851
55294
1499
1788
4214
2322
378938
57616
9817
999
2909
10664
4780
26040
8314
4869
861
4893
3417
6926
6416
6146
6794
285464
1050
7403
2042
207
10735
673
367
84962
83481
128553
5294
6662
472
1027
7490
3082
8242
57716
2066
2475
7099
7307
84159
54790
546
9757
1999
672
120892
10721
3169
3418
11200
3815
3006
29072
5156
2033
2263
595
2051
4089
3170
8239
675
9603
2261
171023
7048
64321
1026
8703
23451
6872
5518
865
545
25942
7716
3017
1974
51755
84295
8243
5781
91
9479
440093
64324
79718
1960
92
2122
3977
9126
9611
6125
6083
4087
8405
8313
406934
5885
2068
1031
2146
5093
