#Molecules	Sample 1	Sample 2	Sample 3	Sample 4
C00001    	     6.7	     6.8	     7.5	     7.1
C00002    	     7.1	     7.1	     7.0	     7.0
C00003    	     6.2	     6.4	     5.7	     6.6
C00004    	     9.9	     9.9	     9.5	     9.7
C00005    	    12.6	    12.5	    12.4	    12.5
C00006    	    12.3	    12.2	    12.0	    12.1
C00007    	     9.7	     9.5	     9.2	     9.1
C00008    	    12.3	    12.3	    12.3	    12.4
C00009    	    10.0	     9.9	     8.8	     9.5
C00010    	    11.9	    11.9	    11.5	    11.9
C00011    	    12.1	    12.0	    11.9	    11.9
C00012    	    10.0	    10.2	     9.5	     9.9
C00013    	    12.4	    12.4	    12.2	    12.3
C00014    	    12.6	    12.3	    12.3	    12.4
C00015    	    11.8	    11.8	    11.5	    11.7
C00016    	    12.5	    12.5	    12.3	    12.4
C00017    	    10.4	    10.4	     9.8	    10.3
C00018    	    10.2	    10.2	     9.7	    10.0
C00019    	     9.2	     9.1	     8.9	     9.2
C00020    	     8.8	     9.1	     8.3	     9.2
C00021    	    10.3	    10.3	     9.7	    10.1
C00022    	     9.5	     9.4	     8.5	     9.4
C00023    	    11.5	    11.4	    11.2	    11.4
C00024    	     8.6	     8.6	     8.2	     8.4
C00025    	    10.8	    10.8	    10.1	    10.4
C00026    	    12.7	    12.7	    12.6	    12.6
C00027    	    11.5	    11.5	    11.4	    11.3
C00028    	    13.0	    13.0	    13.0	    13.0
C00029    	    10.2	    10.3	     9.9	    10.0
C00030    	    10.2	    10.5	    10.0	    10.3
C00031    	     8.7	     8.2	     6.7	     7.9
C00032    	     9.2	     9.2	     8.5	     8.7
C00033    	     6.7	     6.2	     5.7	     5.9
C00034    	     5.9	     5.9	     4.4	     5.3
C00035    	     9.4	     9.6	     9.0	     9.1
C00036    	    10.0	    10.1	     9.6	     9.8
C00037    	     7.4	     7.3	     6.7	     7.2
C00038    	    11.7	    11.7	    11.5	    11.8
C00039    	    11.7	    11.6	    11.4	    11.6
C00040    	    10.5	    10.3	     9.9	    10.3
C00041    	     4.0	     3.6	     4.3	     4.3
C00042    	     4.3	     4.4	     4.1	     4.3
C00043    	     8.1	     8.2	     6.3	     7.4
C00044    	     8.9	     8.9	     8.5	     8.8
C00045    	     9.3	     9.2	     9.0	     9.4
C00046    	    10.4	    10.5	    10.1	    10.3
C00047    	    10.0	     9.9	     9.6	     9.8
C00048    	     8.1	     8.4	     7.9	     8.1
C00049    	    12.4	    12.4	    12.4	    12.4
C00050    	    12.9	    13.0	    12.9	    12.8
C00051    	    13.0	    12.9	    13.0	    13.1
C00052    	     6.0	     5.9	     6.0	     6.4
C00053    	    12.7	    12.5	    12.5	    12.5
C00054    	     9.5	     9.4	     9.0	     9.1
C00055    	    10.5	    10.6	     9.9	    10.5
C00058    	    12.2	    12.1	    12.0	    12.0
C00059    	     9.7	     9.6	     8.0	     9.5
C00060    	     9.1	     8.9	     8.4	     8.3
C00061    	    10.9	    11.2	    10.4	    10.7
C00062    	    12.4	    12.4	    12.2	    12.2
C00063    	    11.2	    11.1	    10.8	    11.1
C00064    	    11.6	    11.8	    11.5	    11.5
C00065    	    11.1	    11.1	    10.8	    10.9
C00066    	     7.6	     7.6	     7.6	     7.8
C00067    	    12.9	    12.8	    12.8	    12.9
C00068    	     9.8	     9.4	     9.0	     9.4
C00069    	    12.7	    12.7	    12.5	    12.6
C00070    	    10.2	    10.1	     9.6	     9.8
C00071    	     5.3	     5.8	     4.7	     5.0
C00072    	    10.9	    11.1	    10.7	    10.9
C00073    	    12.3	    12.4	    12.2	    12.1
C00074    	    11.4	    11.3	    10.9	    11.1
C00075    	    12.3	    12.3	    12.1	    12.2
C00076    	    12.1	    12.0	    11.9	    11.9
C00077    	    10.2	     9.9	     9.2	     9.7
C00078    	     9.5	     9.3	     8.8	     9.1
C00079    	    11.4	    11.5	    11.3	    11.3
C00080    	    12.2	    12.2	    12.0	    12.2
C00081    	    10.5	    10.1	     9.7	    10.0
C00082    	    12.0	    12.0	    11.8	    11.9
C00083    	     8.4	     8.3	     7.1	     8.1
C00085    	     8.8	     8.8	     8.3	     8.7
C00086    	     6.5	     6.4	     6.4	     6.2
C00088    	     7.3	     7.1	     6.9	     7.1
C00090    	     9.0	     9.3	     8.6	     8.5
C00091    	     9.2	     9.5	     8.8	     9.0
C00092    	     9.3	     9.2	     8.6	     9.2
C00093    	     9.3	     9.3	     9.0	     9.1
C00094    	    11.9	    12.0	    11.7	    11.7
C00095    	     6.1	     6.2	     5.5	     6.4
C00096    	     9.1	     9.3	     8.2	     9.4
C00097    	     4.7	     4.5	     5.4	     5.2
C00098    	     9.2	     9.0	     8.8	     8.9
C00099    	     8.3	     8.4	     7.7	     8.4
C00100    	    10.1	    10.1	     9.3	     9.8
C00101    	     9.2	     9.4	     8.7	     8.9
C00103    	     8.2	     7.9	     7.0	     7.7
C00105    	     6.9	     7.3	     6.4	     6.8
C00106    	     7.3	     7.6	     6.1	     6.9
C00108    	     8.7	     8.8	     7.1	     8.4
C00109    	     7.4	     7.3	     5.7	     6.7
C00111    	    11.8	    11.8	    11.5	    11.8
C00112    	     9.9	     9.6	     8.6	     9.7
C00113    	    13.2	    13.2	    13.1	    13.2
C00114    	     8.2	     8.0	     8.2	     8.2
C00115    	     6.1	     6.3	     5.3	     6.1
C00116    	     8.3	     8.9	     7.8	     8.6
C00117    	     8.3	     8.1	     7.9	     8.1
C00118    	     5.5	     5.7	     4.9	     5.7
C00119    	     8.1	     8.4	     7.7	     8.1
C00120    	     8.6	     8.3	     8.2	     8.4
C00121    	     7.9	     7.2	     6.9	     8.0
C00122    	     9.6	     9.5	     9.2	     9.4
C00123    	     7.8	     8.0	     7.7	     7.8
C00124    	     9.3	     9.1	     9.0	     9.1
C00125    	     8.9	     8.8	     8.5	     8.4
C00126    	    10.4	    10.5	    10.3	    10.4
C00127    	     9.1	     8.9	     8.6	     8.8
C00129    	     8.4	     8.3	     8.7	     8.2
C00130    	     5.2	     5.5	     6.7	     5.7
C00131    	     5.9	     6.2	     7.2	     6.2
C00132    	     4.7	     4.9	     4.9	     5.0
C00133    	     3.5	     3.6	     3.3	     3.3
C00134    	    11.0	    10.8	    10.4	    10.9
C00135    	     8.1	     8.3	     7.5	     8.2
C00136    	     8.7	     8.8	     8.5	     8.7
C00137    	     9.0	     8.9	     7.6	     8.7
C00138    	     9.1	     8.8	     8.1	     9.0
C00139    	     6.2	     6.3	     4.7	     6.1
C00140    	     6.0	     5.9	     4.3	     5.4
C00141    	     9.8	     9.8	     9.5	     9.8
C00143    	     8.7	     8.5	     8.2	     8.4
C00144    	     6.5	     6.7	     6.0	     6.2
C00145    	     9.9	     9.9	     9.8	     9.9
C00146    	    12.6	    12.5	    12.5	    12.6
C00147    	     8.0	     8.0	     7.5	     7.9
C00148    	     6.7	     7.1	     6.3	     7.1
C00149    	     6.9	     6.5	     7.3	     6.6
C00150    	     9.8	     9.6	     9.0	     9.7
C00151    	     9.0	     9.4	     9.1	     9.4
C00152    	    10.0	     9.8	     9.0	     9.5
C00153    	    12.5	    12.5	    12.4	    12.4
C00155    	     8.9	     9.2	     8.4	     8.6
C00156    	     9.5	     9.5	     8.6	     9.3
C00157    	     8.4	     8.4	     7.6	     7.9
C00158    	    12.1	    12.1	    11.9	    12.0
C00161    	     9.3	     9.3	     8.6	     8.9
C00162    	     8.1	     8.3	     7.9	     7.9
C00165    	     3.7	     3.8	     4.3	     3.5
C00166    	     7.3	     7.3	     7.2	     7.2
C00167    	     8.1	     8.4	     7.9	     7.7
C00168    	    10.1	    10.1	     9.7	     9.7
C00170    	     9.3	     9.3	     8.9	     9.3
C00171    	    11.5	    11.5	    11.1	    11.4
C00172    	    10.0	    10.0	     9.5	     9.5
C00173    	     6.2	     6.4	     6.5	     6.7
C00174    	     7.6	     7.5	     7.7	     7.3
C00175    	     6.8	     6.4	     6.9	     6.4
C00176    	    10.4	    10.5	     9.9	    10.3
C00177    	    11.2	    11.3	    11.1	    11.2
C00178    	    10.1	    10.1	     9.3	    10.0
C00180    	     8.3	     8.7	     8.2	     8.3
C00182    	     7.0	     7.4	     6.7	     7.1
C00183    	     8.7	     8.7	     7.7	     8.5
C00184    	     7.7	     7.9	     7.2	     7.7
C00185    	     8.1	     8.0	     7.1	     7.6
C00186    	     8.5	     8.5	     7.8	     8.4
C00187    	    10.4	    10.4	    10.0	    10.3
C00188    	     9.2	     9.7	     9.1	     9.3
C00191    	     7.6	     7.8	     7.5	     7.7
C00192    	     7.0	     6.8	     6.4	     7.0
C00194    	     9.2	     9.4	     8.2	     8.5
C00195    	     5.0	     4.7	     4.3	     4.1
C00197    	     6.5	     6.0	     5.4	     5.6
C00198    	     7.9	     7.9	     7.4	     7.6
C00199    	     9.9	     9.9	     9.4	     9.8
C00201    	     8.7	     8.9	     8.2	     8.6
C00205    	     8.7	     8.6	     7.9	     8.7
C00208    	     9.0	     8.6	     7.7	     8.4
C00209    	     7.9	     8.0	     7.7	     7.8
C00211    	     7.9	     7.9	     7.4	     7.8
C00212    	     7.2	     7.3	     7.3	     7.2
C00213    	     7.8	     7.7	     8.1	     7.7
C00214    	     6.8	     7.3	     6.5	     7.3
C00217    	     7.2	     7.5	     7.3	     7.2
C00218    	     7.7	     7.7	     6.6	     7.2
C00221    	     8.5	     8.6	     7.8	     8.1
C00223    	     9.6	     9.7	     8.7	     9.3
C00224    	     8.8	     8.5	     8.6	     8.5
C00226    	     8.7	     8.8	     8.6	     8.3
C00227    	     8.4	     8.5	     8.1	     8.4
C00229    	     8.4	     8.6	     8.2	     8.2
C00230    	    11.3	    11.2	    10.7	    11.1
C00231    	     7.4	     7.6	     6.3	     7.2
C00232    	    11.5	    11.5	    11.2	    11.5
C00233    	     8.2	     8.4	     7.4	     7.9
C00234    	     7.2	     7.5	     7.4	     7.7
C00235    	     7.3	     7.8	     7.1	     7.7
C00236    	     6.9	     6.3	     7.4	     7.1
C00237    	     7.7	     7.9	     7.3	     7.6
C00238    	    12.7	    12.7	    12.6	    12.6
C00239    	     7.6	     7.8	     7.4	     7.6
C00240    	    10.5	    10.4	     9.9	    10.4
C00241    	     9.9	     9.7	     9.2	     9.2
C00242    	     8.1	     8.2	     8.0	     8.0
C00244    	    10.3	    10.3	     9.6	    10.2
C00247    	     8.8	     8.7	     8.4	     9.1
C00249    	     7.6	     7.8	     6.3	     7.9
C00250    	     6.1	     5.7	     5.5	     6.0
C00251    	    10.2	    10.3	     9.7	    10.1
C00252    	     5.5	     5.3	     4.7	     5.5
C00254    	     7.6	     7.8	     7.5	     7.3
C00255    	     8.0	     8.2	     6.8	     8.2
C00256    	     9.6	     9.6	     8.9	     9.5
C00257    	     9.1	     9.2	     8.9	     8.8
C00258    	     8.9	     9.0	     8.5	     8.8
C00261    	     7.9	     8.0	     7.6	     7.6
C00263    	     8.6	     8.8	     8.6	     8.3
C00264    	     9.6	     9.6	     9.0	     9.1
C00267    	     7.3	     7.6	     7.6	     7.5
C00268    	     9.0	     8.3	     8.1	     8.5
C00270    	    10.3	    10.2	     9.8	    10.0
C00271    	     6.5	     5.9	     6.1	     6.5
C00272    	     9.1	     9.2	     8.4	     9.3
C00275    	     7.8	     7.7	     7.3	     8.2
C00279    	     7.4	     7.2	     6.9	     7.5
C00280    	     8.7	     8.5	     8.0	     8.5
C00281    	     6.8	     6.7	     6.5	     6.9
C00282    	    12.6	    12.6	    12.5	    12.7
C00283    	     7.4	     7.5	     5.5	     7.0
C00286    	     7.8	     7.7	     7.7	     7.5
C00288    	    10.1	    10.4	     9.9	    10.1
C00290    	     9.2	     9.1	     8.6	     8.9
C00291    	     4.8	     4.5	     5.1	     5.0
C00293    	     9.3	     9.2	     8.4	     9.1
C00294    	     9.0	     8.9	     8.9	     8.8
C00295    	     9.8	     9.7	     9.0	     9.8
C00296    	     7.8	     7.8	     7.4	     7.5
C00298    	    10.3	    10.7	    10.1	    10.4
C00299    	     6.2	     6.6	     6.7	     6.5
C00300    	    10.2	    10.0	     9.6	    10.9
C00301    	    10.5	    10.5	    10.2	    11.0
C00302    	     9.8	     9.9	     9.5	     9.7
C00305    	     8.0	     7.9	     7.6	     7.9
C00306    	     8.1	     8.0	     8.5	     7.6
C00311    	     7.0	     7.1	     6.9	     6.9
C00312    	     9.7	     9.6	     9.3	     9.4
C00315    	     4.6	     4.5	     5.6	     4.3
C00317    	     4.2	     3.6	     4.4	     3.6
C00325    	     7.3	     7.0	     7.6	     7.5
C00330    	     7.3	     7.7	     7.9	     7.6
C00333    	     9.0	     9.4	     8.7	     8.9
C00334    	     7.7	     7.7	     8.1	     7.5
C00335    	     7.3	     7.3	     7.4	     7.2
C00337    	     9.7	     9.8	     8.9	     9.3
C00341    	     7.8	     7.9	     6.3	     7.4
C00342    	     7.4	     7.1	     7.7	     7.6
C00343    	     7.0	     7.3	     7.0	     7.2
C00345    	     7.3	     7.3	     7.3	     7.0
C00349    	     7.6	     7.8	     7.6	     7.6
C00351    	     6.4	     6.4	     6.6	     6.5
C00352    	     3.8	     4.1	     4.1	     3.8
C00354    	     5.4	     6.1	     5.1	     5.9
C00355    	     9.3	     9.3	     9.2	     9.0
C00356    	     7.8	     7.6	     6.6	     7.7
C00357    	     7.4	     7.1	     5.9	     6.7
C00360    	     7.4	     7.8	     7.2	     7.6
C00363    	     8.2	     8.1	     8.2	     8.2
C00364    	     5.9	     5.9	     5.2	     5.9
C00365    	     7.9	     7.7	     8.1	     7.6
C00366    	     6.5	     6.8	     6.8	     7.0
C00369    	     4.2	     4.2	     4.3	     4.1
C00370    	     4.9	     5.1	     5.0	     5.0
C00372    	     7.2	     7.0	     5.5	     6.7
C00373    	     9.1	     9.3	     8.0	     8.6
C00375    	     6.7	     7.1	     7.0	     6.8
C00379    	     7.6	     7.8	     6.5	     7.2
C00380    	     9.0	     8.9	     8.5	     8.7
C00385    	     7.0	     7.1	     7.2	     7.2
C00388    	    10.8	    10.6	    10.0	    10.4
C00389    	     8.1	     8.2	     7.9	     8.0
C00390    	     7.2	     6.9	     6.2	     6.5
C00391    	    11.3	    11.3	    11.0	    11.2
C00392    	     8.9	     9.1	     7.6	     9.0
C00393    	     6.7	     6.8	     5.8	     6.7
C00395    	     8.5	     8.6	     7.4	     8.1
C00396    	    12.2	    12.2	    12.0	    12.0
C00399    	     7.3	     7.1	     6.9	     7.2
C00401    	     8.2	     8.4	     7.6	     8.1
C00405    	     9.2	     9.0	     7.8	     8.8
C00407    	     7.4	     7.4	     7.3	     6.8
C00414    	     6.9	     7.1	     7.5	     7.0
C00415    	     4.1	     3.9	     3.7	     3.7
C00418    	     3.6	     4.0	     4.4	     4.3
C00420    	     4.0	     3.8	     4.0	     3.9
C00421    	     7.0	     7.3	     7.0	     7.2
C00422    	     8.2	     8.2	     7.2	     8.1
C00424    	     8.1	     8.7	     7.4	     8.3
C00430    	     7.9	     8.0	     7.1	     7.3
C00432    	     5.4	     5.6	     5.5	     5.7
C00434    	     8.2	     8.5	     8.1	     8.1
C00439    	     6.2	     6.5	     6.8	     6.2
C00440    	     7.5	     7.9	     7.1	     7.4
C00441    	     6.0	     6.1	     5.9	     5.9
C00445    	     4.9	     4.9	     4.9	     5.2
C00448    	    10.1	    10.1	     9.7	    10.0
C00449    	     7.8	     7.9	     6.8	     7.7
C00454    	     6.5	     6.9	     5.9	     6.3
C00455    	     7.8	     7.6	     8.3	     7.7
C00459    	     8.3	     8.5	     8.0	     8.6
C00460    	     7.0	     7.2	     7.1	     7.2
C00461    	     5.8	     5.5	     7.3	     6.1
C00462    	     6.2	     6.2	     5.4	     5.5
C00463    	     9.7	     9.8	     9.4	     9.6
C00468    	     8.1	     7.8	     8.1	     8.1
C00470    	     4.1	     3.9	     4.0	     3.8
C00471    	     8.9	     9.1	     8.3	     8.9
C00472    	    10.6	    10.5	    10.0	    10.7
C00475    	     6.7	     6.8	     7.2	     6.7
C00478    	     6.6	     6.4	     7.1	     6.7
C00479    	     7.8	     7.6	     6.6	     7.3
C00480    	     7.3	     7.6	     6.5	     6.9
C00486    	     7.7	     7.6	     6.5	     7.4
C00493    	     6.0	     6.3	     4.2	     5.8
C00496    	     8.2	     8.2	     8.2	     7.8
C00500    	     5.4	     4.5	     5.1	     4.5
C00501    	     5.9	     6.4	     5.0	     5.7
C00504    	    11.2	    11.3	    10.7	    11.2
C00507    	     6.9	     7.2	     6.8	     6.5
C00509    	     7.4	     7.3	     8.4	     7.6
C00513    	     6.0	     5.6	     5.9	     5.7
C00516    	     9.2	     9.3	     8.9	     9.2
C00518    	    12.7	    12.6	    12.4	    12.6
C00520    	     6.1	     5.7	     5.7	     6.2
C00522    	     4.5	     4.8	     4.7	     4.5
C00523    	     6.8	     7.2	     7.0	     7.3
C00524    	     8.0	     7.9	     8.1	     8.3
C00530    	     6.7	     7.2	     8.0	     6.9
C00533    	     6.7	     6.6	     5.8	     6.6
C00535    	     7.2	     7.2	     6.6	     6.6
C00536    	     6.0	     5.7	     5.8	     5.9
C00542    	     6.5	     6.7	     6.7	     6.9
C00543    	     7.3	     7.7	     7.4	     7.2
C00544    	    13.2	    13.2	    13.1	    13.1
C00546    	     6.4	     6.5	     5.4	     5.9
C00547    	     5.0	     5.3	     4.3	     4.8
C00548    	     7.0	     6.9	     6.8	     6.9
C00551    	     6.0	     5.6	     5.9	     6.2
C00555    	     4.6	     4.6	     5.5	     5.2
C00559    	     6.9	     6.7	     7.4	     6.7
C00560    	     3.3	     3.3	     2.9	     3.1
C00562    	     7.8	     7.9	     7.7	     7.7
C00565    	     6.5	     7.1	     5.8	     6.7
C00568    	     6.7	     6.7	     6.5	     6.5
C00572    	     7.5	     7.5	     6.8	     7.0
C00575    	     9.0	     8.9	     8.5	     8.6
C00576    	    10.9	    11.1	    10.6	    10.8
C00578    	     7.8	     7.9	     8.0	     7.5
C00579    	     6.5	     6.7	     5.8	     6.2
C00581    	     4.6	     4.5	     4.2	     5.0
C00583    	     5.4	     5.5	     5.8	     5.6
C00584    	     5.2	     5.2	     4.5	     4.9
C00585    	     7.3	     7.4	     6.1	     6.9
C00589    	     5.5	     5.1	     4.8	     5.7
C00591    	     7.7	     7.6	     7.6	     7.4
C00596    	     5.5	     5.3	     5.0	     5.0
C00597    	     5.6	     5.8	     4.4	     5.5
C00599    	     9.0	     8.6	     7.8	     8.2
C00602    	     9.5	     9.4	     8.4	     8.9
C00605    	     7.4	     7.5	     6.0	     7.4
C00608    	     7.4	     7.4	     7.2	     7.2
C00613    	     7.9	     7.9	     6.9	     7.7
C00614    	     7.9	     7.8	     7.8	     7.7
C00615    	     8.4	     8.3	     8.0	     8.0
C00619    	     9.4	     9.5	     9.0	     9.2
C00620    	     7.1	     7.2	     7.3	     7.4
C00625    	     7.1	     7.6	     6.9	     7.3
C00627    	     7.0	     7.3	     6.4	     6.8
C00631    	     5.0	     5.3	     5.0	     4.7
C00633    	     7.8	     8.2	     8.0	     7.8
C00634    	     8.5	     8.6	     8.6	     8.5
C00635    	     6.6	     6.9	     6.6	     6.5
C00639    	     8.6	     8.4	     8.5	     8.4
C00640    	     6.7	     7.0	     7.0	     7.0
C00641    	     7.5	     7.5	     6.4	     7.3
C00645    	     7.1	     7.3	     7.5	     7.3
C00647    	     7.1	     7.2	     6.7	     7.5
C00653    	     5.9	     6.0	     5.9	     5.8
C00655    	     6.5	     6.5	     6.1	     6.8
C00657    	     5.1	     4.4	     4.7	     4.7
C00664    	     7.6	     7.6	     7.0	     7.7
C00665    	     7.3	     7.3	     8.1	     6.8
C00666    	     6.9	     6.4	     5.7	     6.6
C00668    	     7.5	     7.7	     6.9	     7.3
C00669    	     6.5	     6.8	     6.5	     6.8
C00670    	     3.2	     3.0	     4.2	     3.5
C00672    	     4.6	     4.3	     4.1	     4.3
C00673    	     8.5	     8.3	     7.8	     8.6
C00674    	     9.6	     9.5	     9.1	     9.3
C00676    	     5.9	     6.4	     6.2	     6.1
C00677    	     7.7	     7.6	     7.2	     7.6
C00679    	     6.6	     7.0	     5.7	     6.5
C00680    	     7.1	     7.4	     7.6	     7.1
C00681    	     7.7	     7.7	     6.0	     7.7
C00682    	     8.3	     8.2	     7.6	     8.0
C00683    	     4.4	     5.2	     4.5	     4.8
C00685    	     3.5	     3.6	     3.7	     3.7
C00688    	     6.0	     6.0	     5.5	     6.1
C00692    	     5.5	     4.7	     4.9	     4.6
C00693    	     6.0	     5.7	     6.2	     5.6
C00695    	     7.3	     7.2	     6.9	     6.8
C00697    	     7.8	     8.1	     7.8	     7.8
C00698    	     6.4	     6.2	     6.1	     6.4
C00701    	     7.2	     7.4	     7.7	     7.6
C00703    	     3.4	     3.5	     3.5	     3.6
C00705    	     6.6	     6.9	     5.5	     6.6
C00707    	     6.6	     6.7	     5.5	     6.7
C00708    	     6.9	     6.9	     7.2	     7.1
C00709    	     3.6	     3.2	     3.0	     3.2
C00713    	     4.1	     4.7	     3.9	     4.5
C00714    	     8.3	     8.3	     7.1	     7.6
C00717    	    10.4	    10.6	    10.1	    10.3
C00718    	     8.3	     8.5	     7.3	     8.3
C00719    	     6.9	     6.9	     7.2	     6.8
C00720    	     7.5	     7.4	     7.1	     7.1
C00721    	     8.2	     8.2	     8.0	     8.4
C00722    	     8.0	     8.1	     7.7	     7.9
C00729    	     4.4	     4.3	     3.6	     4.1
C00734    	     6.4	     6.3	     6.7	     6.6
C00741    	     7.4	     7.4	     7.0	     7.5
C00746    	     7.7	     7.2	     6.6	     6.7
C00748    	     7.2	     7.0	     5.7	     6.4
C00755    	     7.4	     7.7	     7.3	     7.4
C00760    	     8.5	     8.7	     8.7	     8.3
C00766    	     6.5	     6.8	     7.5	     6.8
C00769    	     7.0	     6.3	     6.0	     6.6
C00771    	     5.9	     5.5	     4.7	     5.3
C00779    	     6.5	     6.7	     6.2	     6.6
C00783    	     6.1	     5.8	     6.3	     6.1
C00785    	     6.7	     6.3	     6.0	     5.7
C00788    	     8.3	     8.4	     8.0	     8.2
C00794    	     8.3	     8.4	     8.3	     8.4
C00808    	     5.2	     5.1	     5.3	     4.9
C00818    	     7.2	     6.9	     7.9	     7.1
C00821    	     6.1	     5.9	     6.3	     6.0
C00822    	     7.9	     7.5	     5.9	     7.1
C00829    	     5.5	     5.4	     4.3	     5.0
C00835    	     6.0	     5.7	     5.9	     5.8
C00840    	     8.1	     8.0	     7.6	     7.8
C00842    	     7.9	     7.3	     6.9	     7.5
C00851    	     6.3	     6.1	     7.2	     6.4
C00856    	     7.4	     7.4	     7.4	     7.4
C00857    	     7.7	     7.9	     7.3	     7.5
C00861    	     6.8	     6.9	     6.7	     6.8
C00862    	     7.6	     7.5	     7.3	     7.2
C00868    	     7.2	     6.8	     8.0	     6.9
C00871    	     6.6	     6.3	     7.4	     6.4
C00873    	     6.9	     7.0	     6.4	     6.8
C00875    	     5.9	     5.9	     5.3	     5.9
C00876    	     6.4	     6.3	     5.7	     6.3
C00877    	     5.8	     5.5	     6.6	     5.7
C00881    	     6.6	     6.5	     6.7	     6.4
C00882    	     6.2	     6.3	     6.1	     5.8
C00883    	     5.1	     5.5	     5.7	     5.5
C00887    	     6.2	     6.0	     6.0	     6.2
C00889    	     4.3	     4.3	     3.6	     4.1
C00897    	     6.0	     6.1	     6.2	     6.1
C00911    	     6.8	     6.8	     7.1	     6.5
C00913    	     5.8	     5.3	     5.2	     5.3
C00921    	     3.2	     3.3	     3.4	     3.6
C00923    	     5.3	     5.1	     4.5	     5.1
C00924    	     8.8	     8.7	     8.3	     8.8
C00930    	     7.2	     7.6	     7.8	     7.5
C00931    	     3.5	     3.1	     3.2	     3.1
C00934    	     5.8	     5.7	     6.4	     6.4
C00936    	     6.6	     6.3	     7.2	     6.8
C00937    	     4.8	     5.1	     5.4	     5.3
C00942    	     6.2	     6.1	     6.1	     6.5
C00943    	     7.8	     7.8	     6.9	     7.8
C00944    	     8.1	     8.0	     7.4	     7.8
C00951    	     7.2	     7.2	     6.8	     6.5
C00952    	     6.8	     7.2	     6.0	     6.9
C00953    	     6.0	     5.9	     6.5	     6.4
C00960    	     7.8	     7.6	     6.9	     7.6
C00962    	     7.6	     7.3	     6.7	     7.5
C00963    	     6.2	     6.6	     5.8	     6.7
C00965    	     6.1	     6.1	     5.6	     6.3
C00966    	     7.6	     7.7	     7.9	     7.7
C00968    	     4.3	     4.5	     4.0	     4.1
C00972    	     7.6	     7.6	     7.6	     7.6
C00973    	     6.9	     7.0	     7.5	     7.0
C00976    	     5.8	     6.1	     5.7	     5.8
C00979    	     6.8	     7.0	     7.1	     7.0
C00984    	     8.4	     8.5	     7.1	     7.9
C00986    	     5.3	     5.1	     5.7	     5.6
C00988    	     6.0	     6.4	     7.2	     6.9
C00991    	     4.7	     4.7	     4.7	     4.6
C00993    	     7.1	     7.2	     7.6	     7.4
C00996    	     5.3	     5.4	     5.4	     5.7
C00999    	     6.0	     5.9	     4.8	     5.2
C01001    	     6.6	     7.0	     6.9	     6.9
C01005    	     8.4	     8.2	     6.7	     8.0
C01007    	     5.3	     6.0	     5.2	     5.0
C01016    	     8.2	     7.8	     7.3	     7.8
C01019    	     6.3	     5.8	     6.2	     5.8
C01021    	     6.3	     6.5	     6.1	     6.2
C01024    	     7.0	     6.3	     6.3	     6.7
C01029    	     5.7	     5.7	     5.7	     5.6
C01031    	     5.4	     5.3	     6.0	     5.3
C01032    	     5.0	     5.0	     4.5	     5.1
C01034    	     5.3	     5.4	     6.0	     5.5
C01037    	     7.1	     7.2	     7.0	     7.1
C01038    	    10.6	    10.6	     9.8	    10.5
C01043    	     6.6	     5.8	     6.2	     6.7
C01045    	     6.1	     5.6	     5.2	     5.5
C01050    	     4.3	     4.2	     4.5	     4.1
C01051    	    10.5	    10.5	     9.3	    10.3
C01063    	     5.6	     5.3	     6.4	     6.0
C01064    	     3.6	     4.0	     3.7	     3.6
C01065    	     4.2	     4.1	     5.0	     4.0
C01078    	     6.3	     6.8	     6.4	     6.3
C01081    	     9.0	     8.6	     8.2	     8.8
C01092    	     4.1	     4.0	     4.1	     4.0
C01099    	     5.7	     6.3	     7.2	     6.3
C01103    	     5.3	     4.5	     3.9	     4.7
C01104    	     5.6	     5.3	     5.2	     5.2
C01112    	     6.6	     6.1	     5.3	     6.1
C01113    	     5.6	     6.0	     4.5	     5.9
C01118    	     6.7	     7.0	     6.3	     6.8
C01127    	     9.2	     9.0	     8.4	     8.9
C01132    	    10.1	    10.2	     9.6	    10.0
C01134    	     6.3	     6.0	     5.5	     5.7
C01141    	     6.9	     7.2	     7.0	     7.1
C01146    	     6.0	     6.0	     6.7	     5.8
C01150    	     6.6	     7.1	     6.6	     7.2
C01153    	     6.1	     6.2	     5.5	     6.0
C01159    	     8.8	     8.8	     8.7	     8.4
C01163    	     6.0	     6.4	     6.3	     6.5
C01165    	     3.5	     3.4	     3.2	     3.6
C01167    	     6.0	     5.7	     7.4	     5.8
C01169    	     7.4	     7.4	     9.1	     7.5
C01171    	     5.0	     5.2	     4.7	     5.3
C01173    	     3.0	     3.2	     3.4	     3.1
C01174    	     5.8	     6.1	     6.8	     6.2
C01177    	     6.8	     6.9	     7.0	     6.8
C01179    	     7.9	     7.5	     7.4	     7.4
C01182    	     6.5	     6.4	     6.0	     6.1
C01190    	    10.6	    10.7	    10.4	    10.7
C01194    	     3.7	     3.6	     3.4	     3.5
C01199    	     6.2	     5.3	     6.8	     5.5
C01203    	     7.3	     7.2	     7.1	     7.1
C01204    	     5.4	     5.5	     4.7	     5.1
C01205    	     4.5	     4.4	     4.8	     5.0
C01209    	     7.9	     7.9	     7.3	     7.8
C01212    	     4.5	     4.3	     4.7	     4.5
C01213    	     7.1	     7.3	     6.8	     7.3
C01217    	     6.0	     6.3	     5.8	     6.1
C01220    	     6.9	     6.5	     7.7	     6.7
C01222    	     4.4	     4.7	     4.2	     4.6
C01234    	     4.9	     4.3	     4.1	     4.3
C01236    	     7.5	     7.5	     7.1	     7.1
C01239    	     6.4	     6.8	     6.8	     6.4
C01242    	     5.3	     5.3	     6.0	     5.7
C01243    	     6.4	     6.3	     6.5	     6.7
C01245    	     7.9	     8.3	     7.1	     7.5
C01251    	     5.0	     5.3	     6.5	     5.1
C01260    	     8.0	     8.0	     7.1	     7.9
C01261    	     5.7	     5.0	     5.1	     5.2
C01271    	     4.6	     4.4	     4.9	     5.1
C01273    	     4.7	     4.6	     5.0	     4.6
C01274    	     9.8	     9.7	     8.9	     9.3
C01279    	     5.5	     5.3	     5.4	     5.0
C01290    	     5.2	     5.2	     5.8	     5.2
C01300    	     5.9	     5.9	     6.2	     6.0
C01302    	     6.5	     6.5	     6.3	     6.1
C01321    	     6.8	     7.0	     7.4	     7.0
C01324    	     4.0	     4.4	     4.9	     4.2
C01327    	     6.6	     6.4	     6.9	     6.7
C01330    	     7.0	     7.2	     7.0	     7.4
C01334    	     5.2	     5.2	     6.0	     5.1
C01335    	     7.1	     7.1	     7.3	     7.3
C01351    	     5.1	     4.8	     5.0	     4.9
C01353    	     5.1	     5.6	     5.3	     5.3
C01370    	     4.4	     4.0	     3.9	     3.8
C01371    	     4.4	     4.4	     4.5	     4.4
C01380    	     4.5	     4.5	     4.4	     4.5
C01406    	     6.2	     5.7	     6.4	     6.3
C01429    	     6.1	     6.2	     7.0	     6.5
C01438    	     5.0	     5.0	     5.1	     5.1
C01449    	     9.9	     9.9	     9.3	     9.8
C01450    	     4.9	     5.0	     5.0	     5.1
C01468    	    10.9	    10.9	    10.6	    10.8
C01483    	     6.5	     6.7	     6.1	     6.7
C01494    	     6.8	     6.8	     7.3	     7.3
C01502    	     4.9	     5.6	     5.5	     5.8
C01505    	     5.4	     4.9	     6.2	     5.0
C01507    	     6.5	     6.6	     6.7	     6.5
C01529    	     4.3	     4.1	     4.1	     4.1
C01595    	     6.2	     6.2	     6.5	     6.3
C01598    	     7.2	     7.1	     7.7	     7.6
C01612    	     5.2	     5.2	     4.7	     5.3
C01628    	     4.4	     4.4	     4.5	     4.4
C01636    	     3.4	     3.4	     3.4	     3.4
C01637    	     6.8	     6.2	     7.1	     6.5
C01638    	     4.3	     4.2	     4.0	     3.9
C01640    	     7.1	     7.5	     7.4	     7.6
C01641    	     5.9	     6.2	     6.1	     5.9
C01642    	     6.6	     6.5	     6.5	     6.8
C01644    	     6.5	     6.1	     7.4	     6.0
C01646    	     6.1	     6.3	     7.1	     6.2
C01649    	     5.0	     4.9	     5.3	     5.3
C01650    	     7.8	     7.8	     7.6	     7.6
C01651    	     6.2	     5.7	     4.6	     5.3
C01666    	     4.6	     4.6	     5.4	     5.1
C01674    	     5.1	     4.9	     5.3	     5.2
C01706    	     5.2	     5.6	     5.2	     5.3
C01708    	     6.5	     6.4	     7.5	     6.8
C01721    	     8.2	     8.3	     7.4	     8.1
C01728    	     5.8	     5.3	     5.9	     5.4
C01768    	     6.9	     7.0	     7.2	     6.8
C01769    	     6.1	     6.1	     7.1	     6.2
C01777    	     8.2	     8.1	     7.6	     7.9
C01782    	     5.6	     6.0	     7.2	     5.6
C01785    	     6.0	     6.0	     6.3	     5.9
C01801    	     4.7	     4.9	     5.3	     4.9
C01810    	     6.4	     6.4	     7.8	     7.0
C01813    	    11.0	    10.8	    10.6	    10.8
C01841    	     7.3	     7.4	     8.1	     7.2
C01843    	     5.9	     6.1	     5.9	     6.2
C01847    	     8.6	     8.9	     8.0	     8.4
C01866    	     3.5	     3.6	     4.1	     3.5
C01872    	     5.1	     5.0	     6.0	     4.8
C01889    	     6.6	     6.4	     6.3	     6.5
C01890    	     5.4	     5.5	     6.3	     5.7
C01909    	     6.8	     6.7	     7.2	     6.5
C01931    	     4.4	     4.4	     4.5	     3.9
C01935    	     6.4	     6.8	     6.6	     6.5
C01958    	     6.2	     6.4	     7.4	     6.8
C01976    	     7.3	     6.9	     6.6	     7.2
C01977    	     7.0	     7.3	     6.7	     6.6
C01978    	     5.8	     6.1	     5.2	     5.5
C01983    	     8.6	     8.4	     7.2	     8.0
C01984    	    10.7	    10.6	    10.1	    10.6
C01996    	     7.0	     7.5	     7.6	     7.0
C01997    	     3.9	     3.9	     3.6	     4.0
C02004    	     7.0	     7.1	     7.8	     6.9
C02012    	     3.9	     3.6	     3.9	     3.7
C02013    	     6.0	     5.6	     6.1	     6.2
C02026    	     4.9	     5.6	     5.1	     5.2
C02031    	     7.3	     7.2	     6.8	     6.7
C02038    	     4.6	     5.1	     6.0	     4.7
C02048    	     4.8	     4.9	     5.4	     5.1
C02051    	     9.2	     9.0	     8.8	     9.1
C02052    	     9.8	     9.9	     9.1	     9.6
C02054    	     7.5	     7.5	     7.1	     7.6
C02061    	     8.7	     9.0	     8.0	     8.6
C02065    	    11.9	    11.9	    11.7	    11.9
C02066    	    12.0	    12.1	    11.8	    11.9
C02069    	     8.8	     8.6	     8.8	     9.1
C02085    	     7.2	     7.2	     7.4	     6.9
C02090    	     8.5	     8.2	     7.5	     8.0
C02096    	    10.3	    10.3	     9.7	    10.0
C02100    	     8.9	     9.4	     8.4	     8.8
C02103    	     9.8	     9.8	     9.4	     9.7
C02137    	     9.8	     9.9	     9.8	     9.5
C02146    	    12.5	    12.5	    12.4	    12.4
C02148    	     7.3	     6.9	     5.3	     6.8
C02160    	     8.9	     9.4	     8.9	     8.9
C02163    	     8.7	     9.0	     8.7	     8.7
C02177    	    10.6	    10.7	     9.8	    10.5
C02179    	     8.7	     9.0	     7.8	     8.7
C02186    	     6.6	     6.7	     6.9	     7.1
C02188    	     9.6	     9.3	     8.4	     8.9
C02191    	     6.6	     6.6	     6.0	     6.4
C02201    	     6.5	     7.2	     6.7	     7.0
C02222    	     7.2	     7.7	     7.1	     7.8
C02230    	     7.2	     7.5	     6.9	     7.6
C02241    	    10.1	    10.2	     9.7	    10.2
C02242    	     7.6	     7.6	     6.6	     7.7
C02246    	     7.3	     6.5	     5.8	     7.3
C02259    	    10.9	    10.9	    10.7	    10.9
C02265    	    10.4	    10.3	     9.6	    10.3
C02269    	     9.2	     9.1	     8.8	     8.9
C02270    	     9.4	     9.4	     8.8	     9.1
C02282    	     9.9	    10.0	     8.5	     9.9
C02303    	    12.2	    12.1	    11.9	    11.9
C02307    	     9.5	     9.6	     8.8	     9.3
C02308    	     8.0	     8.2	     7.5	     7.9
C02337    	     5.9	     5.8	     6.3	     5.6
C02339    	     9.3	     9.1	     8.9	     9.1
C02352    	    10.7	    10.8	    10.2	    10.5
C02389    	     9.1	     9.3	     8.8	     8.7
C02391    	     7.4	     7.5	     6.8	     7.4
C02395    	     9.9	    10.1	     9.7	     9.8
C02404    	    10.0	     9.9	     9.6	     9.9
C02412    	    13.2	    13.2	    13.1	    13.2
C02430    	     9.7	     9.6	     9.0	     9.5
C02461    	    11.0	    11.0	    10.6	    10.9
C02463    	    11.0	    11.0	    10.8	    11.1
C02474    	     6.9	     6.7	     7.2	     6.5
C02480    	     7.9	     8.1	     7.9	     7.7
C02487    	    10.0	     9.9	     9.6	     9.8
C02489    	     7.2	     6.6	     6.6	     6.8
C02492    	     8.4	     8.9	     8.5	     8.3
C02507    	    12.2	    12.2	    12.1	    12.1
C02520    	    10.0	     9.8	     9.7	     9.6
C02526    	     9.2	     9.2	     8.7	     9.1
C02531    	     7.3	     7.6	     6.5	     7.1
C02534    	     8.9	     9.0	     8.4	     8.8
C02538    	     9.4	     9.4	     8.9	     9.3
C02553    	     7.0	     7.1	     7.2	     6.8
C02582    	     7.9	     8.4	     7.2	     7.6
C02592    	     6.9	     6.9	     6.4	     7.0
C02593    	     9.2	     9.2	     8.6	     9.0
C02603    	     8.9	     9.0	     8.4	     8.6
C02607    	     6.0	     6.1	     6.1	     6.2
C02613    	     5.6	     5.9	     5.1	     6.3
C02623    	     8.7	     8.7	     8.3	     8.8
C02632    	     8.9	     8.8	     8.3	     8.6
C02637    	     8.2	     7.8	     8.2	     8.0
C02682    	     6.4	     6.2	     6.8	     6.2
C02684    	     6.0	     5.7	     5.5	     5.8
C02686    	     8.6	     8.6	     8.7	     8.4
C02695    	     7.6	     7.5	     6.7	     7.4
C02702    	     5.2	     5.6	     5.0	     5.8
C02709    	    10.5	    10.4	    10.2	    10.3
C02720    	     8.8	     8.6	     8.3	     8.5
C02734    	     8.6	     8.3	     7.4	     8.2
C02740    	     9.9	    10.0	     9.6	     9.5
C02743    	     7.5	     7.9	     6.9	     7.4
C02752    	     8.4	     8.1	     7.3	     8.0
C02764    	     5.8	     5.9	     5.7	     6.0
C02798    	     4.9	     4.5	     5.1	     5.3
C02848    	     4.7	     4.5	     4.5	     4.8
C02867    	     6.3	     6.2	     5.2	     5.6
C02873    	     7.6	     7.4	     7.4	     7.5
C02898    	     8.2	     8.0	     8.5	     8.0
C02912    	     6.5	     6.6	     6.7	     6.4
C02917    	     8.1	     8.1	     8.2	     7.7
C02929    	     7.3	     7.1	     6.4	     6.9
C02939    	     6.9	     7.2	     6.9	     6.5
C02944    	     6.1	     5.9	     7.5	     6.1
C02949    	     6.8	     6.7	     6.1	     6.5
C02953    	     8.2	     8.4	     8.3	     8.1
C02954    	     6.8	     7.1	     6.5	     6.5
C02967    	     6.2	     6.6	     7.3	     6.5
C02972    	    10.1	     9.9	     9.3	     9.8
C02984    	     8.3	     7.7	     7.4	     8.0
C02987    	     4.7	     4.6	     4.4	     4.1
C02992    	     7.1	     7.2	     6.6	     7.0
C02995    	     7.1	     7.3	     6.6	     7.2
C02998    	     6.5	     6.7	     7.2	     6.9
C03000    	     4.2	     4.1	     4.6	     4.1
C03023    	     4.4	     4.4	     4.4	     4.7
C03024    	     6.1	     6.0	     6.3	     6.0
C03025    	     8.6	     8.5	     8.1	     8.6
C03033    	    12.9	    12.8	    12.7	    12.8
C03069    	    12.9	    13.0	    13.0	    12.9
C03082    	    10.7	    10.4	     9.9	    10.5
C03090    	     5.6	     6.3	     5.7	     5.5
C03103    	     4.8	     5.2	     5.4	     5.3
C03110    	     8.3	     8.5	     8.3	     8.4
C03127    	     6.6	     7.1	     7.0	     7.0
C03136    	     7.3	     7.9	     7.4	     7.5
C03161    	     5.2	     5.1	     5.7	     5.3
C03162    	     6.5	     6.3	     7.1	     7.0
C03169    	     6.2	     6.6	     6.3	     6.1
C03170    	     6.6	     6.6	     7.8	     6.8
C03175    	     7.4	     7.6	     7.3	     7.4
C03216    	    10.6	    10.8	    10.1	    10.5
C03221    	     9.3	     9.1	     8.7	     8.8
C03232    	     6.2	     6.6	     6.8	     6.3
C03236    	     4.8	     4.4	     4.6	     4.9
C03245    	     6.8	     7.1	     7.0	     7.1
C03253    	     5.8	     5.9	     6.1	     5.8
C03254    	     6.0	     5.4	     6.1	     5.6
C03263    	     8.2	     8.3	     7.6	     8.6
C03269    	     7.1	     7.0	     6.9	     7.0
C03287    	     4.7	     5.0	     5.9	     4.9
C03294    	     5.2	     4.4	     3.5	     4.4
C03302    	     8.6	     8.6	     8.0	     8.7
C03303    	     6.8	     6.8	     6.7	     6.7
C03305    	    10.1	     9.9	     9.5	     9.7
C03306    	     6.1	     6.3	     5.7	     6.0
C03319    	     3.2	     3.3	     3.8	     3.6
C03326    	     5.9	     5.2	     5.9	     5.3
C03340    	     4.8	     4.8	     5.0	     4.5
C03344    	     6.5	     6.5	     6.4	     6.5
C03373    	     8.9	     8.9	     8.4	     8.9
C03391    	     9.0	     9.1	     8.0	     8.5
C03396    	    10.1	    10.0	     9.7	    10.0
C03397    	     6.3	     6.1	     6.4	     6.3
C03406    	     4.4	     4.4	     4.8	     4.5
C03419    	     8.7	     8.8	     8.1	     8.4
C03448    	     7.0	     6.3	     7.7	     6.9
C03451    	     8.7	     8.7	     7.9	     8.7
C03465    	     6.6	     6.7	     6.9	     6.8
C03479    	     8.5	     8.3	     7.8	     8.2
C03484    	     6.7	     6.6	     6.9	     6.8
C03506    	     8.5	     8.4	     8.2	     8.3
C03518    	     5.6	     5.1	     5.6	     5.2
C03523    	    10.8	    10.9	    10.5	    10.8
C03541    	     9.4	     9.4	     8.8	     9.2
C03546    	     5.9	     5.5	     5.6	     5.0
C03585    	     7.2	     6.8	     7.2	     6.9
C03592    	     6.4	     6.2	     5.3	     6.6
C03607    	    10.4	    10.4	     9.9	    10.2
C03611    	     4.7	     5.0	     5.1	     4.9
C03618    	     5.8	     5.6	     4.0	     5.5
C03633    	     7.0	     6.9	     6.4	     6.9
C03635    	     8.7	     8.7	     7.8	     8.4
C03638    	     9.4	     9.2	     8.6	     8.6
C03642    	     6.7	     7.1	     7.0	     6.7
C03684    	     5.4	     5.0	     4.8	     4.5
C03723    	    13.0	    13.1	    13.0	    13.0
C03735    	     5.5	     5.3	     5.1	     4.8
C03736    	     7.0	     6.6	     7.2	     6.4
C03741    	     6.0	     5.8	     5.9	     6.1
C03780    	     7.7	     7.8	     7.8	     7.9
C03786    	     5.9	     6.0	     6.8	     6.2
C03794    	    10.6	    10.5	     9.7	    10.6
C03797    	     7.0	     6.9	     6.8	     6.8
C03798    	     6.3	     6.3	     7.0	     6.5
C03800    	     6.0	     5.8	     7.2	     6.6
C03802    	     4.9	     4.9	     4.2	     4.7
C03806    	     9.8	    10.1	     9.4	     9.7
C03838    	     5.8	     6.3	     6.6	     6.5
C03847    	     5.3	     5.5	     5.8	     5.4
C03852    	     5.0	     5.2	     4.8	     5.2
C03871    	     9.4	     9.6	     9.2	     9.5
C03879    	     9.7	     9.9	     9.4	     9.7
C03880    	     4.8	     4.9	     3.8	     4.4
C03881    	     5.8	     6.0	     6.8	     5.6
C03895    	     6.8	     6.9	     6.1	     6.7
C03899    	     7.4	     7.5	     7.6	     7.5
C03917    	     8.3	     8.4	     8.4	     8.5
C03921    	    12.6	    12.5	    12.5	    12.5
C03972    	     7.0	     7.0	     7.7	     7.1
C03997    	     5.1	     5.1	     5.1	     5.0
C04001    	     6.9	     6.7	     6.3	     6.9
C04021    	     6.8	     6.0	     7.0	     6.2
C04033    	     8.4	     8.2	     6.6	     7.9
C04063    	     6.7	     6.5	     5.8	     6.2
C04076    	    10.2	    10.4	    10.1	    10.3
C04088    	    10.3	    10.6	    10.1	    10.4
C04090    	     7.9	     8.0	     7.1	     7.7
C04105    	     6.3	     6.3	     6.2	     6.4
C04134    	     7.8	     7.7	     6.7	     7.3
C04141    	     3.7	     3.3	     4.4	     3.5
C04142    	     4.9	     5.4	     6.0	     5.5
C04180    	     5.1	     5.3	     5.9	     5.5
C04188    	     5.0	     4.6	     5.6	     5.2
C04230    	     5.0	     5.0	     5.1	     5.6
C04232    	     6.8	     6.7	     6.6	     6.3
C04233    	     5.8	     6.0	     6.1	     5.8
C04236    	    12.9	    12.8	    12.8	    12.9
C04245    	     8.7	     8.8	     8.2	     8.4
C04250    	     4.0	     3.8	     3.9	     3.9
C04253    	     6.8	     6.6	     7.2	     6.7
C04256    	     5.7	     5.7	     6.4	     5.6
C04260    	    12.9	    12.9	    12.8	    12.9
C04261    	     6.7	     7.4	     6.7	     6.9
C04272    	     5.1	     4.9	     4.9	     5.1
C04283    	     7.0	     6.9	     5.9	     7.0
C04294    	     6.3	     6.3	     5.7	     6.3
C04299    	     6.7	     6.9	     8.0	     6.8
C04302    	     9.8	     9.7	     9.3	     9.7
C04311    	    12.4	    12.4	    12.2	    12.2
C04312    	     8.6	     8.2	     8.3	     8.7
C04314    	    12.7	    12.7	    12.6	    12.6
C04317    	     6.8	     6.9	     6.8	     6.9
C04327    	     5.0	     5.0	     4.6	     5.0
C04355    	    13.1	    13.2	    13.0	    13.0
C04376    	     8.4	     8.5	     8.0	     8.3
C04394    	    10.4	    10.2	    10.0	    10.3
C04398    	    10.3	    10.3	     9.7	    10.0
C04405    	    10.0	     9.9	     9.2	     9.5
C04411    	     7.5	     8.0	     7.9	     7.6
C04425    	    11.5	    11.5	    11.2	    11.3
C04431    	     6.4	     6.5	     6.4	     6.5
C04442    	     8.4	     8.1	     7.5	     7.7
C04462    	     8.8	     8.9	     8.5	     8.6
C04466    	     7.8	     7.8	     7.5	     7.5
C04478    	     8.1	     8.1	     8.0	     8.1
C04484    	     7.3	     7.5	     6.9	     7.4
C04501    	     7.6	     7.9	     6.4	     7.4
C04521    	     8.9	     9.1	     8.9	     8.8
C04524    	     7.8	     7.7	     7.5	     7.9
C04540    	    12.1	    12.0	    12.0	    12.0
C04553    	     8.4	     8.8	     8.6	     8.7
C04556    	     3.6	     3.7	     4.7	     3.6
C04563    	     5.7	     5.5	     5.4	     5.7
C04570    	     5.3	     4.9	     5.0	     4.9
C04579    	     9.2	     9.1	     8.6	     8.6
C04597    	    12.7	    12.7	    12.5	    12.5
C04598    	    10.0	    10.0	     9.3	     9.7
C04614    	     8.3	     8.6	     8.1	     8.1
C04619    	     7.6	     7.7	     7.5	     8.0
C04631    	     7.6	     7.9	     8.1	     7.0
