#Probeset  	10h_control	      10h	      14h	      18h	      24h
1053_at    	   8.040078	 7.147358	 6.706705	 6.794622	 7.475157
1729_at    	   6.869688	  6.99104	 7.129922	 7.112222	  7.04721
1861_at    	   6.437999	 6.620092	  6.20117	 6.407735	 5.717815
200000_s_at	   9.381569	 9.710802	 9.874874	 9.934639	 9.495911
200002_at  	  12.555275	12.511045	12.564419	12.538642	12.439174
200003_s_at	  12.401259	12.054083	12.275169	12.206342	12.015476
200005_at  	   9.609852	 9.099299	  9.73072	 9.530097	 9.194303
200012_x_at	  12.486269	12.402275	12.302666	12.256543	12.282444
200014_s_at	  10.371458	 9.548578	 9.978313	 9.871472	 8.753136
200016_x_at	  12.110468	11.913288	11.938524	11.899243	11.458105
200022_at  	  12.205038	11.927471	12.064725	12.031422	11.932256
200023_s_at	  10.377248	 9.902753	 9.990862	10.248412	 9.513486
200024_at  	   12.61513	12.313568	12.422621	12.368137	12.170793
200032_s_at	  12.364917	12.360961	12.563211	12.341325	12.278704
200034_s_at	  11.802912	  11.6947	11.817369	11.803903	11.527011
200038_s_at	  12.392395	12.374603	 12.46662	12.454694	12.308414
200039_s_at	  10.485458	10.341033	10.429499	10.380328	 9.810715
200044_at  	  10.247336	 9.962542	10.192532	10.242334	 9.744894
200055_at  	    9.07401	 9.222119	 9.199404	 9.139204	 8.863206
200058_s_at	   9.318615	 9.225199	 8.837598	 9.133667	 8.325186
200072_s_at	  10.071107	10.114123	10.320903	 10.31761	 9.747738
200073_s_at	  10.187198	  9.39046	 9.547218	 9.403993	 8.502351
200074_s_at	  11.582639	11.400419	11.534432	11.434419	11.186178
200075_s_at	   8.734979	 8.425099	 8.552273	 8.624309	 8.204209
200085_s_at	  10.652049	10.416173	10.818984	10.760781	10.103269
200088_x_at	  12.654908	12.612557	 12.66021	12.704733	 12.57435
200089_s_at	  11.457794	11.294325	11.514968	11.546102	11.378893
200095_x_at	  13.135348	12.981857	13.017407	13.037759	12.992211
200593_s_at	   10.15048	10.046418	10.185244	10.276272	 9.879428
200594_x_at	  11.057244	10.332014	10.219037	10.505096	 9.985802
200595_s_at	   9.331758	 7.902866	 8.696503	 8.214131	 6.715684
200596_s_at	   8.897148	 8.746212	 9.196672	 9.247983	 8.523407
200597_at  	   7.465769	 5.859137	  6.66313	 6.224449	 5.668913
200602_at  	   7.430367	 5.291534	 5.861905	 5.942676	 4.427947
200619_at  	   9.278084	 9.080628	  9.43743	 9.594238	 8.966424
200647_x_at	  10.053748	 9.764065	 9.956249	10.051188	 9.581428
200648_s_at	   8.034924	 7.221011	 7.436279	 7.335784	 6.715836
200650_s_at	  12.012366	11.778109	11.667695	11.738708	11.483623
200657_at  	  11.665229	 11.55971	11.652719	11.585351	11.355869
200663_at  	  10.607618	10.317579	 10.48448	10.274971	  9.86335
200665_s_at	   3.604601	 4.284063	 4.043229	 3.649949	 4.252282
200685_at  	   5.510457	 4.320441	 4.261375	 4.357433	 4.148182
200686_s_at	   8.982707	 7.440836	 8.055333	 8.157718	 6.349062
200687_s_at	   9.175758	  8.81534	 8.874751	 8.892938	 8.495948
200697_at  	   9.502978	 9.360075	 9.331225	 9.173588	 8.985547
200703_at  	  10.921833	10.342357	10.430411	10.525991	10.147492
200708_at  	  10.266277	 9.774548	10.001105	 9.869204	 9.576961
200710_at  	    8.15654	 8.129258	 8.118218	 8.392352	 7.863261
200715_x_at	   12.37566	 12.41865	12.442644	12.442644	12.407518
200716_x_at	  13.077506	 12.83886	12.929306	12.996513	12.939079
200717_x_at	  13.118915	13.051355	 12.97638	 12.92233	13.028441
200724_at  	   5.850982	 6.376134	 5.981928	 5.857011	 5.990787
200725_x_at	  12.466302	 12.48559	12.671572	12.498051	 12.52439
200737_at  	   9.418959	 9.106823	 9.461665	 9.400704	 9.037388
200738_s_at	  10.949746	 10.48066	10.526778	10.568761	 9.935766
200741_s_at	   12.20564	12.027277	12.183245	12.115343	12.044843
200751_s_at	   9.802159	 9.510632	 9.650587	 9.583433	  7.96041
200753_x_at	   9.461396	 8.250334	 9.113604	 8.909648	 8.380017
200754_x_at	  11.126603	10.669419	10.898212	11.161469	10.428004
200763_s_at	   12.29853	12.196243	12.409692	12.383461	12.238283
200786_at  	  11.255881	11.060175	11.150428	11.096829	10.795571
200790_at  	  11.623198	 11.51393	11.619495	11.757585	11.477291
200792_at  	  11.095516	10.888019	11.110119	11.066331	10.830563
200793_s_at	   7.723288	 7.805126	  7.58307	  7.64947	 7.606211
200809_x_at	  12.928271	12.913048	12.905089	 12.83471	12.849936
200814_at  	    9.80782	  9.37717	  9.75135	 9.387731	 8.994738
200817_x_at	    12.5952	12.593261	12.692074	12.668727	12.504117
200820_at  	  10.072635	 9.848983	10.187658	10.064907	 9.623905
200821_at  	   7.054912	  5.04263	 5.275529	 5.752721	 4.653767
200822_x_at	  10.975751	  10.8606	10.939419	11.094816	10.663512
200823_x_at	  12.221147	12.093231	12.265398	12.409313	12.162762
200830_at  	   11.13852	11.086037	 11.35615	11.263503	10.915203
200834_s_at	  12.151812	12.201485	12.330436	12.313852	12.128307
200869_at  	  11.999598	11.870645	 12.05733	11.996391	11.909312
200876_s_at	  10.308496	 9.739537	10.198298	 9.860938	 9.218792
200882_s_at	   9.417151	 9.129101	 9.462504	  9.32657	 8.789662
200886_s_at	  11.590258	11.315353	11.412123	11.461226	  11.3205
200909_s_at	  12.106321	12.169443	12.161182	12.179997	11.992884
200912_s_at	  10.472565	10.013663	10.538056	10.149099	 9.669395
200937_s_at	  11.935951	 11.87734	12.027694	11.959872	11.768667
200946_x_at	   8.845966	 8.146341	 8.369288	 8.335673	  7.13174
200947_s_at	   9.566049	 8.688041	 8.788195	 8.802043	 8.283363
200951_s_at	   6.924514	 6.168954	 6.499617	 6.399584	 6.422875
200952_s_at	   8.337801	 7.110314	 7.340873	 7.149843	 6.881352
200953_s_at	   9.523925	  8.46348	 9.006006	 9.314747	 8.555541
200956_s_at	   8.960286	 9.042873	 9.164509	 9.468306	 8.784022
200957_s_at	   9.244761	 9.177374	 9.263119	 9.162461	 8.597288
200959_at  	   8.907104	 9.061049	 9.319505	 9.337607	 9.047713
200966_x_at	  11.714049	11.711204	11.925901	12.048988	11.732409
200979_at  	   7.098147	 6.368782	 6.114374	 6.221928	 5.507871
200980_s_at	   9.230633	 9.423938	  9.13345	 9.333907	 8.189258
200986_at  	   4.169192	 5.166758	 4.671264	  4.45876	 5.444096
201005_at  	   9.674585	 8.873136	  9.21616	  9.04838	 8.755448
201007_at  	   9.152489	 8.438698	 8.347019	 8.397317	 7.723497
201013_s_at	  10.598758	 9.801981	10.079178	10.070469	 9.267285
201014_s_at	   10.13169	 8.892452	 9.180611	 9.386557	  8.69233
201016_at  	   9.569518	 7.661318	 8.223201	 7.898378	 7.035055
201017_at  	   7.973725	 6.758964	 6.886201	 7.262316	 6.422963
201018_at  	   8.419296	 6.901609	  7.29701	 7.567537	 6.050494
201019_s_at	   9.741825	 8.382146	 8.746769	 8.811338	 7.146364
201023_at  	   8.617317	 6.655237	 7.417613	 7.261889	 5.710423
201030_x_at	  11.982086	11.763823	11.826708	11.762612	11.528636
201031_s_at	  10.594731	 9.674178	 9.884453	 9.599683	 8.619409
201033_x_at	  13.505858	13.186618	13.209172	13.244149	13.111189
201035_s_at	   8.463468	 8.212575	 8.160293	 7.978711	 8.235969
201036_s_at	   7.373863	 6.124456	 6.089949	  6.28854	 5.308414
201037_at  	   8.623412	 8.596825	 8.295017	 8.934627	 7.812222
201052_s_at	   8.616374	 8.138566	 8.253929	 8.079704	 7.903125
201053_s_at	   6.725302	 5.745743	 5.520241	  5.72619	 4.943098
201054_at  	   9.308566	  8.11519	 8.065289	 8.421175	 7.691709
201055_s_at	   7.178774	 8.443836	 8.566161	 8.264485	   8.2245
201067_at  	   8.254658	 7.955338	  7.91645	 7.224132	  6.85742
201068_s_at	   9.939707	 9.429454	 9.628591	 9.536729	 9.228681
201070_x_at	   8.710159	 7.806623	 7.830044	  8.04764	 7.730144
201071_x_at	    9.64522	  9.08175	 9.286762	 9.054866	 9.011381
201076_at  	    8.79749	 8.373825	 8.905333	 8.763581	 8.505765
201077_s_at	  10.638937	10.408836	10.381274	10.546793	10.337028
201093_x_at	    8.67209	 8.830175	  9.06192	 8.873828	 8.599923
201102_s_at	   7.220062	 8.210014	 8.368021	 8.254779	 8.652242
201107_s_at	   5.180806	 5.673723	 5.232664	 5.465181	 6.658353
201108_s_at	   6.156082	 6.185501	 5.862543	 6.235976	  7.23841
201109_s_at	   4.397317	 4.959122	 4.667545	 4.939211	 4.869395
201110_s_at	   3.132421	 3.251601	 3.528262	 3.637983	 3.319552
201114_x_at	  10.914324	10.901967	10.951559	10.849431	10.361496
201115_at  	   8.232027	 8.210654	  8.08945	 8.298867	 7.459761
201118_at  	   9.098291	 8.670028	 8.739764	 8.822142	 8.475341
201127_s_at	    8.55848	 8.695215	 9.047193	 8.867749	 7.645967
201128_s_at	  10.138989	 8.993547	  9.08733	 8.759354	 8.064415
201129_at  	   8.126758	 6.079218	 6.150753	  6.29861	 4.701116
201132_at  	   7.726437	 5.400537	 6.046715	 5.895525	 4.322797
201135_at  	   9.815336	 9.757032	  9.81032	 9.798688	 9.456423
201142_at  	   8.800846	 8.416252	 8.683638	    8.511	 8.176097
201143_s_at	   7.599705	 6.150793	 6.546611	 6.747275	 6.000284
201144_s_at	  10.281545	 9.851864	 9.902806	 9.941353	 9.804765
201154_x_at	  12.564966	12.556703	12.606506	12.539504	12.513578
201157_s_at	   8.797826	 7.892052	 8.048127	 7.967387	  7.53218
201158_at  	   7.250496	 7.087612	  6.70385	 7.099004	 6.283792
201159_s_at	   7.001465	 6.647226	 6.862299	 6.539381	  7.31238
201198_s_at	   9.788193	 9.673986	 9.773343	 9.638276	 8.966852
201199_s_at	   9.409616	 9.364183	  8.99937	 9.399276	  9.07054
201202_at  	  10.284026	 9.502253	  9.97292	 9.765613	 8.987297
201217_x_at	  12.450461	12.373907	12.453261	12.496526	12.400524
201221_s_at	   8.758148	 8.609464	 8.859495	 9.179463	 8.446689
201222_s_at	  10.256486	 9.292579	 9.514869	 9.521988	 8.571337
201223_s_at	    9.48575	 7.909938	 8.443942	 8.435371	 7.555983
201231_s_at	  12.152119	11.979027	12.083862	12.066412	11.870158
201232_s_at	   9.105732	 8.890251	 9.299989	 9.290018	  8.58031
201233_at  	   7.647478	  7.92123	  8.13889	 8.331896	 7.947984
201249_at  	   4.115727	 3.517198	 3.692821	 3.769834	 4.259397
201250_s_at	   7.883127	 7.175516	 7.262309	 7.347226	 7.154256
201252_at  	    8.43982	 7.709285	 8.106951	 8.401384	 7.856611
201266_at  	  10.215512	 9.660396	 10.06439	 10.05675	 9.658605
201267_s_at	   9.542543	 9.302652	 9.299103	 9.334086	 8.864677
201268_at  	  11.164456	11.408852	11.531263	11.547141	11.136373
201274_at  	  10.029817	 9.523092	 9.958378	 9.996735	 9.474645
201282_at  	   6.293081	 6.688532	 6.236713	 6.375934	 6.546913
201313_at  	   7.780428	 7.254847	 7.608128	  7.53747	  7.66428
201316_at  	   7.634429	 6.407741	 6.780205	 6.418469	 6.906591
201317_s_at	  10.806671	10.261768	10.407493	10.528903	 9.852701
201322_at  	  11.079875	11.223186	11.235967	11.318824	11.089602
201338_x_at	   10.15536	 9.979779	10.052895	10.120224	 9.307206
201356_at  	   8.833263	 8.294073	 8.254484	 8.656633	 8.222078
201357_s_at	   7.199224	 7.113319	 6.985557	 7.360195	 6.737225
201376_s_at	   8.554428	 8.511545	 8.652693	 8.682369	 7.734783
201388_at  	   7.873075	 7.718912	 7.681954	 7.857592	  7.24965
201394_s_at	   7.833167	 7.604464	 8.121611	 8.040552	 7.146293
201395_at  	   8.566889	 8.382968	 8.471253	 8.466485	 7.845982
201400_at  	  10.351745	10.298193	10.393332	10.365543	 9.974465
201404_x_at	   9.075015	 9.310893	 9.230084	  9.72203	 9.095859
201425_at  	   8.423986	 7.694138	 7.628218	 7.753249	 7.528629
201432_at  	   7.899414	 6.950476	 6.964282	 6.764844	 6.432673
201435_s_at	   9.903185	 8.470213	 9.193214	 9.386042	 8.155856
201436_at  	   5.885482	 4.107367	 5.024518	 4.727947	 4.252887
201437_s_at	   8.241485	 5.595114	 6.527848	  5.98401	 5.449894
201440_at  	   7.905156	 7.566424	 7.856427	 7.930089	 7.379544
201463_s_at	    9.95509	 9.792514	 9.850621	 9.861714	 9.414888
201469_s_at	   8.910978	 8.608683	 8.681909	 8.882749	 8.219096
201476_s_at	   9.257237	 8.675714	 8.737518	 8.609994	 7.893563
201477_s_at	   8.967371	 8.436101	  9.00236	 8.554618	 7.676992
201480_s_at	   7.508318	 7.833599	 7.858905	 7.998236	 7.705414
201483_s_at	   8.228716	 7.757162	 7.939844	 7.913256	 7.375431
201484_at  	   7.427704	 7.154908	 7.227203	 7.283913	 7.313101
201509_at  	   7.648695	 7.656252	 7.794074	 7.655859	 8.134369
201517_at  	   7.867889	 7.313724	 6.772304	 7.349587	 6.535792
201521_s_at	   7.498877	 7.159427	  7.19857	  7.51398	 7.275617
201528_at  	   8.847736	 7.235774	 7.710525	 7.696413	 6.629817
201529_s_at	   9.152645	  8.14368	 8.500051	 8.559179	  7.78592
201532_at  	   10.13337	 9.330707	 9.563771	 9.680736	  8.65337
201554_x_at	   8.987565	   8.4922	 8.751822	 8.510156	 8.571229
201555_at  	   9.074728	 8.294017	  8.65098	 8.836891	  8.59408
201571_s_at	   8.725365	 8.400617	 8.433962	 8.534662	 8.126529
201572_x_at	   8.937353	 8.238147	 8.432515	 8.618601	 8.171133
201577_at  	  11.265289	11.130427	 11.31343	  11.2048	 10.71787
201589_at  	   8.977824	 7.231215	 7.380885	 7.626935	 6.335739
201592_at  	  11.313424	11.488948	11.517889	11.497127	11.219188
201599_at  	   9.400362	  7.90137	 8.229792	 8.412925	 7.441435
201612_at  	   8.315994	  7.71728	 7.249478	 7.497609	 7.396256
201632_at  	   8.352928	 7.653628	 7.251649	 7.810645	 7.102353
201638_s_at	   7.021953	 7.117973	 6.920544	 6.305569	 7.404919
201639_s_at	   7.265788	 7.552361	 7.663895	 7.866392	 7.314125
201665_x_at	  12.582804	12.621435	12.651908	12.690933	12.589411
201673_s_at	   7.774215	 7.567967	 7.588059	 7.776212	  7.35166
201676_x_at	   10.71285	10.351996	10.457325	10.423599	 9.868074
201695_s_at	   10.10934	 9.239273	 9.894939	 9.743561	 9.177556
201696_at  	   8.448596	 8.000777	 8.123095	 8.227575	 7.994104
201698_s_at	  10.362538	10.187698	10.301427	10.338579	 9.578656
201700_at  	   9.323472	 9.059151	 8.815511	  8.66447	 8.412637
201705_at  	   8.396815	  7.88927	 7.635615	 7.794326	 6.320804
201741_x_at	    5.61017	 5.987601	 6.079029	 5.683744	 5.522801
201742_x_at	  11.187686	10.148419	10.158106	10.327676	 9.705472
201746_at  	   6.338484	 5.480857	 5.469908	 5.341843	 4.667539
201755_at  	   7.714576	 7.319302	 7.619516	  7.76269	 7.503534
201756_at  	   9.168098	 8.190901	 8.014751	 8.199542	 6.833475
201762_s_at	   9.632824	 9.505289	 9.629675	 9.603183	 8.937943
201770_at  	    9.27723	 8.773639	 9.147847	 9.189717	 8.877075
201786_s_at	   9.061198	 8.797127	 8.868662	 8.999592	 8.525849
201801_s_at	   8.544754	 7.589714	 7.889369	 7.981195	 7.556952
201802_at  	   8.518491	 8.321326	 8.588907	 8.831359	 8.564027
201803_at  	   9.750821	 9.077974	 9.577329	 9.597164	 9.005851
201853_s_at	   7.661163	 7.483095	 7.329913	 7.598551	 7.600092
201890_at  	   9.809316	 8.542762	 8.977514	 8.343866	 8.137845
201892_s_at	  10.028892	 9.985639	10.264938	10.153904	 9.763711
201909_at  	   6.403679	 6.522388	 6.514102	 5.946303	 6.060739
201930_at  	   10.06938	 9.298393	 9.081557	 9.156729	 8.411054
201956_s_at	   8.609735	 8.160418	 7.809345	 7.729076	 7.311516
201968_s_at	   7.831718	 7.478105	 7.374574	 7.213849	  6.89031
202004_x_at	   8.941901	 8.479664	 8.664167	 8.466234	 8.029975
202022_at  	   6.271117	 6.948611	 6.753223	 6.660172	 6.540089
202029_x_at	   12.48684	12.740166	12.559385	12.564844	 12.47966
202069_s_at	   9.203558	 6.996668	 7.395548	 7.488394	 5.494327
202070_s_at	    8.49537	 7.494978	 7.805451	 7.710735	 7.662377
202072_at  	  10.032387	10.069227	10.103996	10.375575	 9.871934
202107_s_at	   9.700528	 8.932011	 9.230084	 9.105625	 8.643113
202112_at  	   4.798375	 4.986948	 4.779835	  4.47295	 5.109824
202144_s_at	   9.375675	   9.0632	 9.266825	 9.241006	 8.367754
202148_s_at	    8.95001	 8.841911	 8.957185	 8.875305	 8.882637
202168_at  	   9.941624	 9.760528	   9.7982	 9.731269	 9.023104
202176_at  	   8.181716	 7.487184	 7.820296	 7.807527	 7.369596
202189_x_at	  10.521021	10.353481	10.261299	10.698409	10.142175
202190_at  	   7.064405	 6.474143	 6.247117	 6.646168	 6.734068
202243_s_at	  10.435428	10.882472	 10.16076	 9.979693	 9.607565
202244_at  	   10.87342	 11.03975	 10.54977	 10.53855	10.193449
202246_s_at	   9.960116	 9.719463	  9.79642	 9.858319	 9.465535
202256_at  	   7.517219	 7.857804	 7.990587	 7.865398	 7.599078
202257_s_at	   8.290225	 7.619197	 8.095162	 8.010769	 8.542187
202275_at  	   7.086871	 6.875227	 6.953473	 7.128171	 6.881813
202282_at  	   9.565957	 9.401927	 9.654738	 9.582455	 9.299996
202310_s_at	   4.091237	 4.320838	 4.595043	 4.532559	 5.555635
202311_s_at	   3.600641	 3.632403	 4.210206	  3.64601	  4.42546
202312_s_at	   6.064498	 7.450878	 7.347675	 7.005764	   7.6474
202320_at  	   7.350054	  7.56165	 7.321435	 7.670811	 7.862608
202325_s_at	  10.001858	 8.853816	 9.020683	 9.373503	 8.672954
202331_at  	   7.508954	 7.476324	 7.670516	 7.663111	 8.075186
202338_at  	   7.607291	 7.205465	 7.337182	 7.309894	  7.35179
202352_s_at	  10.285861	 9.316087	 9.704443	 9.783902	 8.923676
202353_s_at	   9.176255	 7.361629	 7.786393	 7.891028	  6.27238
202354_s_at	    7.52723	 7.555383	 7.369947	  7.09256	 7.701058
202355_s_at	   7.359196	 7.206726	  7.01754	 7.311206	 7.023906
202356_s_at	   7.596173	 6.977725	 7.257154	 7.325833	 7.268685
202366_at  	   7.048069	 7.621792	 7.564083	 7.766646	 7.609786
202403_s_at	   6.210271	 6.481707	 6.385798	 6.388287	 6.562552
202404_s_at	   3.666756	 3.839818	 3.835395	 4.145096	 4.081136
202414_at  	   6.238328	 5.891503	  5.39643	 6.134637	 5.145528
202420_s_at	    9.02678	  9.03271	 9.293335	 9.294401	 9.230291
202447_at  	   8.484899	 7.736798	 7.784062	 7.605101	 6.575379
202451_at  	   8.303954	 6.738435	 7.414878	 7.099654	 5.947617
202453_s_at	   7.888727	 7.603993	  7.37771	 7.826821	 7.162883
202461_at  	   8.415177	  8.18613	 8.208542	 8.073812	 8.174693
202464_s_at	   7.454342	 5.858098	 5.893593	 5.909685	 5.226387
202471_s_at	   8.582943	 7.553993	 7.850763	 7.727763	 8.104654
202497_x_at	   6.843252	 6.958651	 6.510727	 6.785135	 6.789234
202498_s_at	   4.347401	 4.149803	 4.154036	 4.207757	 4.257193
202499_s_at	    5.59512	 4.974858	 4.889228	 5.088668	 5.036275
202502_at  	   8.366006	 6.686038	 7.177685	 7.048649	  5.50323
202505_at  	   9.596732	  8.57365	 9.118913	 9.265683	 7.992212
202528_at  	   6.893757	 6.828359	 6.687467	  7.09256	 7.002642
202535_at  	   8.070701	 7.183623	 7.551967	 7.758085	  6.53697
202587_s_at	   9.124335	 8.682749	 8.994179	 8.904822	 8.483188
202588_at  	   7.011504	 7.231113	 6.951055	  7.14107	 7.173208
202589_at  	  10.675139	10.437658	10.761341	10.586686	  9.96438
202613_at  	   8.821886	  7.96565	 8.063149	 8.204473	 7.885737
202615_at  	   8.036469	 6.483094	 7.169148	 6.949429	  6.18271
202627_s_at	  11.455571	11.201371	11.324769	11.262761	11.002711
202628_s_at	   9.176102	 9.031066	 8.942642	 9.052064	  7.57959
202634_at  	   8.266753	 6.703818	 6.748953	 6.801819	 5.750818
202635_s_at	   9.018778	 8.129263	 8.547847	 8.637679	 7.448158
202649_x_at	  12.121111	11.968592	12.232201	12.210492	12.037908
202659_at  	   7.117909	 7.160999	 7.294334	 7.127833	 6.905619
202675_at  	    8.78782	  8.09117	  8.22279	 8.386766	 7.584855
202678_at  	   9.664592	 8.763221	 9.225722	 8.984698	 7.763868
202680_at  	    7.78858	 6.798879	 7.407716	 7.400299	 7.287634
202683_s_at	   7.119514	 6.992919	 6.919301	 7.063658	 7.486419
202684_s_at	   4.979669	 3.749527	 4.112572	  3.87906	 3.726616
202687_s_at	   3.515453	 4.282026	 3.642569	 4.007067	 4.445091
202688_at  	   3.847998	 3.901953	  4.02623	 3.801661	   3.9817
202692_s_at	   7.016065	  7.21599	 7.027344	 7.307422	 7.016156
202697_at  	   9.339609	 8.051338	 8.162207	 8.239181	 7.168658
202705_at  	   9.097078	 8.315996	 8.070457	 8.652313	 7.438784
202706_s_at	   8.540868	  7.33331	 7.885936	 7.997377	 7.058111
202707_at  	   5.754878	  5.69775	 5.426729	 5.581031	 5.480372
202715_at  	   8.243068	 8.126959	 8.191898	 8.454153	 8.105351
202725_at  	    6.45355	 6.218929	 6.222952	 6.511286	 6.774803
202726_at  	   7.466196	 7.378346	 7.504643	 7.901116	 7.148899
202738_s_at	   6.745151	 5.927142	 5.967026	 6.148091	 5.901835
202739_s_at	   5.577232	  5.17355	 4.875586	 4.925488	 4.855194
202753_at  	  10.440021	 9.983591	10.133851	10.126984	 9.713953
202757_at  	   8.364107	  7.72853	 7.778791	 7.917656	 6.806755
202763_at  	   7.015512	 6.310018	 6.489018	 6.883636	 5.925353
202772_at  	   7.558855	 7.671339	 7.764866	 7.557107	 8.256267
202780_at  	   8.832231	 8.635551	 8.334351	 8.453614	 7.965539
202818_s_at	    6.93481	 7.163489	 7.029314	 7.230177	 7.141476
202819_s_at	   6.146816	 6.072356	 5.797975	 5.535153	 7.300117
202823_at  	   7.690764	 5.507525	 6.221522	 6.230381	 5.360858
202824_s_at	  10.268689	 9.607114	 9.656825	 9.804657	 9.448713
202825_at  	   8.255201	 8.057333	 8.093596	 7.814849	 8.063351
202833_s_at	   3.674855	 3.768297	 4.084498	 3.911226	 4.044408
202854_at  	   9.823033	 8.851771	 8.934524	 9.138439	 8.319868
202858_at  	  10.387472	10.653645	10.634477	 10.50696	10.018321
202862_at  	   7.211523	 6.737684	  6.73564	  6.79127	 7.225804
2028_s_at  	   6.735078	 6.680542	 6.569282	 6.441178	 7.063465
202905_x_at	    8.27594	 7.343896	 7.821223	 7.554161	 6.628637
202906_s_at	    8.14981	 6.929509	 7.311685	 7.557238	 6.463904
202907_s_at	   8.855374	 7.389115	 7.711434	  7.61487	 6.502275
202930_s_at	   7.713868	 5.772803	 6.010438	 6.319002	 4.221571
202934_at  	   8.307381	 7.809875	 8.242842	  8.24329	 8.171017
202959_at  	   5.773601	 4.475006	 5.359381	 4.549294	 5.140604
202960_s_at	   7.237302	 5.673846	 5.929421	 6.422646	 5.049405
202961_s_at	  11.152285	11.190001	11.205906	 11.29966	10.688324
202990_at  	   7.433899	 6.477903	 6.887988	 7.196728	 6.781919
202996_at  	   7.205911	 7.607374	 7.355515	 7.302045	 8.371588
203032_s_at	   7.344317	 5.742839	 5.964155	 5.575663	 5.948087
203033_x_at	   9.021241	 9.248695	 9.169472	 9.272072	  8.89496
203034_s_at	  12.734181	12.623573	 12.67698	12.583326	12.385559
203041_s_at	   6.892107	 6.223601	 6.087536	 5.705611	 5.712987
203042_at  	    5.78075	  4.46864	 4.474162	 4.774575	  4.71945
203050_at  	   7.427406	 7.328425	  6.80409	 7.231693	 6.986773
203055_s_at	   6.865227	 8.344627	 7.963356	 7.912671	 8.149351
203061_s_at	   6.671067	 6.866646	 6.678101	 7.164204	   7.9983
203062_s_at	   6.834147	 6.578447	 6.698749	 6.636466	 5.827585
203067_at  	   8.230866	 6.563094	  7.21067	 7.202101	   6.6081
203083_at  	    5.78221	 5.927142	 5.971972	 5.739798	 5.805244
203084_at  	   5.480604	 6.853932	 6.539084	 6.667682	 6.664697
203085_s_at	   7.224516	 7.162636	 7.280628	 7.711719	 7.389339
203107_x_at	  13.166493	13.106134	13.155082	 13.15247	13.118873
203112_s_at	   7.419477	 5.881931	 6.377476	 6.533169	 5.362726
203132_at  	   7.449723	 4.764841	 5.013694	 5.340775	 4.265356
203135_at  	   7.332831	 6.863641	  7.04701	 6.908774	 6.753721
203157_s_at	   6.072067	  6.17781	 6.012034	 5.563651	 5.941002
203158_s_at	   4.625439	 5.158416	 4.608612	 4.605599	 5.468435
203159_at  	   6.483419	 6.726632	 6.925954	 6.670424	 7.411012
203178_at  	   3.194517	 3.134574	 3.304548	 3.285271	 2.938238
203198_at  	   8.198615	 7.681974	 7.804032	 7.872712	 7.740203
203209_at  	    8.17103	 6.702443	 6.544935	 7.057652	 5.755144
203210_s_at	   7.727114	 6.536429	 6.707802	 6.665042	 6.463428
203213_at  	   8.290609	 6.955425	 7.469123	 7.511372	 6.754846
203214_x_at	   9.033995	 8.572241	 8.964032	 8.916804	 8.511505
203234_at  	  10.564452	10.812991	  10.8775	11.114509	10.556818
203270_at  	   7.784797	  7.46725	 7.822538	 7.867003	 7.967563
203282_at  	   8.214832	 6.205654	 6.470867	 6.687503	 5.781365
203302_at  	   6.747611	 4.999936	 4.626119	 4.548962	 4.152414
203305_at  	    5.54931	 5.586763	 5.367018	 5.541579	 5.768199
203310_at  	   6.684546	 4.911923	 5.182446	 5.208088	 4.519978
203351_s_at	    8.54911	 6.945712	 7.337732	 7.441994	 6.065814
203352_at  	   6.383235	 5.728723	 5.498061	 5.139763	 4.833146
203376_at  	   7.886117	 7.411513	 7.728948	 7.619968	 7.595917
203377_s_at	   6.158431	 4.980166	 5.537014	 5.337211	 5.028948
203378_at  	   5.640286	 5.526383	 5.570193	 5.817288	 4.421804
203380_x_at	   8.832751	 8.245759	 8.970719	 8.621357	 7.769841
203396_at  	  10.109431	 8.911984	 9.546629	 9.416707	 8.424001
203401_at  	   8.652361	 7.370095	 7.434787	 7.475844	 5.958735
203409_at  	   7.159403	 7.153769	 7.396239	  7.38383	 7.235098
203418_at  	   8.424717	 7.688618	 7.921303	 7.876114	 6.864217
203422_at  	   7.461653	 7.673587	 7.880237	 7.768297	 7.831144
203447_at  	   8.796751	 8.039612	 8.352616	 8.323482	  7.95493
203462_x_at	    9.57696	 9.190375	 9.429654	 9.520592	  8.96422
203500_at  	   7.088529	  7.40637	 7.113412	 7.224029	 7.318812
203530_s_at	   7.700227	  7.29052	 7.056197	 7.558255	 6.947777
203565_s_at	   7.186042	 6.807766	 7.028751	 7.294475	 6.380913
203566_s_at	   7.461391	 4.685879	 5.003052	 5.341686	 5.028823
203572_s_at	   8.262266	 7.808682	 7.840137	 8.205212	 7.956042
203576_at  	   8.602316	 8.512105	 8.497631	 8.558491	 8.645987
203577_at  	   6.764243	 6.487934	 6.622142	 6.880814	 6.583294
203616_at  	   8.917364	  8.38848	 8.570984	 8.420939	 8.471303
203655_at  	   5.629815	 7.041225	 6.677192	 7.001603	 6.965554
203664_s_at	   7.926006	 7.329452	 7.510837	 7.454437	 6.362611
203669_s_at	    7.27671	 7.308543	 7.109521	 7.344356	 7.545278
203682_s_at	   6.811475	 7.482288	 7.134551	 7.225296	 6.708939
203683_s_at	   5.728584	 5.781527	  5.85425	 5.968068	   5.8516
203684_s_at	   6.031615	 6.771752	 6.534263	  6.47158	 6.081681
203685_at  	   5.022142	 4.717183	 5.081411	 4.447905	 4.689114
203686_at  	   7.118125	 7.656013	 7.623158	 7.578899	 6.973116
203692_s_at	   7.120515	 6.811934	 7.252124	   7.3237	 8.084937
203693_s_at	   7.824334	 6.618135	 6.906169	 6.371591	 5.716625
203696_s_at	   8.547119	 7.300415	 7.534715	 7.660209	 6.864239
203709_at  	   6.259908	 6.817279	 6.545761	 6.805621	 6.499442
203710_at  	   3.545576	 3.516491	 3.155898	 3.009646	 4.185223
203711_s_at	   4.246703	 4.287129	 4.559201	 4.327321	 4.137381
203719_at  	   8.758197	  8.57774	 8.482864	  8.26274	  7.80016
203720_s_at	   9.607294	 9.308561	 9.602596	 9.451333	 9.096316
203722_at  	   6.008421	 6.071122	 5.949808	 6.374895	 6.157718
203728_at  	   7.907341	 7.635144	 7.699747	 7.620592	 7.164211
203743_s_at	   7.938208	 6.501125	 6.587096	 7.017735	 5.713542
203754_s_at	   6.653463	 7.062928	 7.059073	 7.359212	 7.591612
203816_at  	    7.78841	 7.735111	 7.703812	 7.665077	 5.954879
203818_s_at	    8.54958	 8.033498	 8.316042	 8.186601	 7.575435
203845_at  	   5.743338	 4.815848	 4.447951	 5.154267	 4.539341
203860_at  	   3.639517	  3.72496	 3.466484	 3.636336	  3.66396
203865_s_at	   6.167521	 6.112039	 5.962991	 5.982465	 5.467249
203887_s_at	   3.882649	 4.578769	 5.517865	 4.718617	 4.864161
203888_at  	   5.780356	 5.610452	 5.988294	 5.685231	 6.186119
203893_at  	   8.109936	 6.834478	 7.326926	 7.224029	 6.851849
203926_x_at	   7.418056	 7.804923	 7.825775	 8.053554	 7.811796
203937_s_at	   6.376028	  6.42542	 6.409026	  6.17129	 6.074193
203938_s_at	   7.297567	 7.605499	 7.249733	 7.379877	 7.659944
203939_at  	   3.227989	 3.562177	 3.447584	 3.471777	 3.507668
203967_at  	   7.885693	 6.593298	  6.64586	 6.897122	 5.504822
203968_s_at	   7.726235	 6.656869	 6.603618	 6.711893	 5.476273
203984_s_at	    6.59568	 7.132778	  6.92213	 6.946636	 7.214212
203989_x_at	   2.951983	 3.160479	 3.597118	  3.23523	 3.011754
204001_at  	   5.310805	 4.471446	 4.109228	 4.691793	 3.889228
204023_at  	   8.963645	 7.606177	 8.259862	 8.321365	 7.052645
204031_s_at	  10.224541	10.310074	10.385954	10.567052	10.061555
204093_at  	   8.851503	  8.30398	 8.295731	 8.471958	 7.328497
204095_s_at	   6.538486	 6.812309	 6.904181	 6.902691	 7.240721
204096_s_at	   6.729922	 7.121799	 7.547732	  7.43789	 7.063284
204104_at  	   7.078755	 8.359164	 8.243768	 8.223978	 7.986582
204119_s_at	   8.562034	 7.925743	 7.963558	 8.068847	 7.731724
204120_s_at	   6.012971	 4.147663	 4.413291	 4.292401	 3.569847
204123_at  	   6.659908	 6.561828	 6.442305	 6.334435	 6.699428
204126_s_at	   7.573737	 7.480732	 7.356507	 7.404012	 7.009485
204127_at  	   8.652538	 6.651088	 7.665029	 7.168007	 6.581374
204128_s_at	   8.176849	 6.385384	 7.173865	 6.986304	 5.737995
204147_s_at	   7.521711	 7.391674	 7.408508	 7.743565	 7.261836
204169_at  	   8.664386	 8.266291	 8.515363	 8.725057	 8.687772
204200_s_at	   5.983182	 6.793424	 6.501249	 6.827583	 7.537413
204207_s_at	   7.413107	 6.609172	 7.023109	 6.262148	 6.015563
204208_at  	    5.89621	 5.337285	 5.880364	  5.54931	  4.65719
204227_s_at	   6.262596	 6.627174	 6.453705	 6.651907	 6.244783
204232_at  	    5.68281	 6.051915	 6.087536	 5.767474	 6.348732
204244_s_at	    7.81536	 5.720144	 6.665688	 6.324625	 5.967376
204252_at  	   9.188075	 8.234579	 8.268963	 8.370891	 7.960322
204267_x_at	   8.027213	 8.447297	 8.301235	 8.377072	 8.328754
204276_at  	   4.952763	  4.85612	 5.211376	 5.137199	 5.262539
204277_s_at	   6.677529	 7.137898	 7.198396	 6.919618	 7.916624
204279_at  	   6.134979	 5.953707	 6.109055	 5.891603	 6.261384
204285_s_at	   8.475683	 7.059408	 7.940701	 7.493988	 5.933421
204286_s_at	   6.678493	 5.005695	 5.450604	 5.364415	 4.280939
204290_s_at	   5.983111	  5.80184	  6.03842	 5.700119	 5.926911
204366_s_at	   8.390821	 7.815416	 8.050626	 7.970667	 7.646529
204370_at  	   8.383291	 7.525273	 7.871981	  7.27355	 6.865572
204374_s_at	   6.174769	 6.373223	 6.304897	 6.117152	 7.229517
204385_at  	   7.267973	 7.439515	 7.388241	 7.354973	 7.384531
204413_at  	   7.008925	 7.543209	 7.666001	 7.878774	 7.277459
204441_s_at	   7.276193	 6.823098	 6.825306	  6.86568	 6.670881
204459_at  	   7.710893	 7.236336	 7.630072	 7.523601	 7.295016
204476_s_at	   6.455419	 6.934931	  7.22883	 6.783238	 8.015755
204483_at  	   6.272889	 6.363987	 6.621634	 6.262359	 7.448299
204493_at  	    7.99269	  6.83911	   6.8849	 7.039121	 6.436318
204510_at  	   7.282204	 5.851107	 5.919738	 5.911992	 5.343857
204531_s_at	   6.300711	 6.326498	 6.426063	 6.346153	 5.654794
204607_at  	   5.910891	 5.703336	 5.782805	  5.53635	 6.554672
204608_at  	    7.07019	 6.409071	 6.640281	 6.468922	 6.683327
204613_at  	   6.521197	 5.778851	 6.196617	  6.31931	 6.121129
204625_s_at	   5.393751	 5.526663	 5.051307	 5.538555	 5.690278
204626_s_at	   5.835221	 6.150566	 6.232703	 6.025959	  5.98728
204627_s_at	   4.327253	 4.126847	 4.291706	 4.292401	 3.625357
204628_s_at	   5.853032	 6.080739	 6.041431	  6.14946	 6.242987
204639_at  	   7.409752	 6.465222	 6.832888	 6.783909	 7.093193
204645_at  	   6.021257	 5.329542	 5.802703	 5.275198	 5.198751
204646_at  	   3.151419	 3.641094	 3.164282	 3.270587	 3.404965
204686_at  	   4.990937	 5.050183	 5.279676	 5.147882	 4.478041
204695_at  	   8.759437	  8.75989	 8.781145	 8.674273	  8.25997
204696_s_at	   7.427352	 7.463927	 7.222281	 7.619449	 7.815613
204704_s_at	   2.876563	 3.095392	 3.456648	 3.100283	 3.226441
204705_x_at	   5.565426	 6.379799	 5.757574	 5.694981	 6.410109
204713_s_at	   6.648779	 6.802733	 6.607588	 6.348817	 7.218898
204714_s_at	   4.632615	 5.311286	 4.813604	 5.061755	 5.368729
204717_s_at	   5.821476	 6.458008	 6.201004	 6.054504	 6.090778
204767_s_at	   8.286109	  7.76924	 7.817214	 7.764345	 6.851201
204768_s_at	   8.104341	 7.804847	 8.138322	 7.961222	  7.36877
204771_s_at	   7.120205	 6.527844	 7.245445	 7.156976	 6.767537
204772_s_at	   7.241907	 6.887515	 6.804638	 7.218475	 6.007179
204776_at  	   5.855165	 6.357134	 5.967336	 5.916306	 6.467756
204780_s_at	   7.976328	 7.601913	 7.805338	 7.594462	 6.899359
204781_s_at	   7.815789	 7.505361	 7.595593	 7.307704	 6.697382
204835_at  	   7.511926	 6.715581	 6.232072	 6.584987	 5.799415
204853_at  	   6.848527	 6.251987	 6.069647	 6.134979	 5.621701
204858_s_at	   7.207801	 7.686434	 7.557297	 7.661776	 7.891329
204859_s_at	   4.681593	 4.055483	 4.286886	 4.482459	 4.049316
204862_s_at	   7.252247	 7.588877	 7.643921	 7.593584	 7.572399
204880_at  	   7.276087	 6.963342	 6.891875	 6.981507	 7.455495
204920_at  	   5.740428	 5.750257	 5.779318	  6.07476	 5.719159
204947_at  	   6.829663	  6.95662	 6.775948	 6.999158	 7.067027
204957_at  	   9.020243	  7.92596	 8.388471	 8.464888	 7.116125
204988_at  	   4.411809	 5.596477	 5.306636	  5.14658	 5.677364
204997_at  	   5.571978	 6.852371	 5.968569	 6.353026	 7.186017
205023_at  	   4.690044	 4.550316	 4.723578	 4.720451	 4.714122
205024_s_at	   7.975212	 7.416474	 7.131062	 7.231876	  7.64578
205032_at  	    5.18043	 5.732334	 5.307769	 5.447903	 5.390816
205034_at  	   8.195946	 5.151597	 6.016109	 5.861116	 4.826101
205035_at  	   6.690644	 6.875625	 6.597337	 6.990438	 6.854226
205047_s_at	   8.563882	 8.012963	 8.379096	 8.153395	 6.679307
205052_at  	   6.557078	 5.038678	 5.289704	 5.961471	 5.230404
205053_at  	   8.013657	  7.78247	 8.240428	 7.809528	 7.283041
205075_at  	   5.524686	 5.779569	 6.262383	  5.75051	 6.153624
205085_at  	   6.577709	 6.183525	 6.304582	 6.455241	  6.08116
205162_at  	   6.922287	 6.657476	 6.962211	 6.270303	 6.299272
205167_s_at	   5.686665	 5.631826	 5.696728	 5.679606	  5.69397
205175_s_at	   5.377439	 5.327416	 5.364421	 5.258714	 6.000638
205218_at  	   5.292665	 5.081182	 4.973261	 5.003327	  4.50832
205221_at  	   4.755864	 5.516505	 5.271433	 5.418681	 5.978214
205241_at  	    7.25403	 7.107689	 7.120415	  7.22781	 7.045206
205292_s_at	  10.635031	10.479843	10.596719	10.583553	 9.802364
205301_s_at	   5.409563	 6.726551	 6.596292	  5.84068	 6.157649
205306_x_at	   5.659336	 5.480293	 6.071865	    5.625	  5.16524
205307_s_at	   3.896223	 4.143567	 4.347375	 4.171585	 4.537009
205321_at  	  10.631229	10.313012	10.464127	10.502849	 9.285352
205354_at  	   5.131091	 6.040529	 5.597904	 5.349449	 6.405065
205355_at  	   3.886503	 3.591398	 3.559329	 4.006158	 3.682293
205363_at  	   3.897506	 4.042315	 4.244026	 4.102333	    4.962
205369_x_at	   6.865707	 6.282086	 6.287923	 6.840937	 6.366188
205370_x_at	   8.146852	 8.753856	 9.007804	 8.552671	 8.192487
205371_s_at	   4.685787	 3.961866	 4.075343	 3.966446	 4.053376
205382_s_at	   6.321736	 6.253002	 5.652392	 6.301634	 7.243097
205386_s_at	   4.985731	 4.656938	 5.299127	 4.495009	 3.911806
205393_s_at	   6.495867	  5.21946	 5.564137	 5.309667	 5.179269
205394_at  	   7.837645	 6.104783	 6.596292	 6.093403	 5.269023
205395_s_at	    6.42048	 5.850477	 5.580633	 6.004701	 4.490053
205401_at  	   7.749557	 6.847332	 6.741719	 6.962777	 6.349407
205412_at  	    9.64054	 8.937767	 9.160303	 9.023864	 8.352654
205436_s_at	  10.170704	 9.963069	10.073415	10.245886	  9.58926
205443_at  	   6.702313	 5.746154	 6.251956	 5.983632	 5.466195
205450_at  	   7.153107	 7.116394	 6.941102	 7.212252	 6.989401
205467_at  	   5.811189	 5.834435	 6.012034	 5.997243	 6.738556
205480_s_at	   8.044141	  7.15788	 6.633117	 7.145251	 6.557084
205531_s_at	   6.014026	 6.016891	 6.097361	 6.217953	 5.511181
205545_x_at	   9.173524	 8.364248	 8.779306	 8.831359	 8.678615
205577_at  	   5.805493	 6.496425	 6.038752	 6.410129	 6.316035
205612_at  	   3.061838	 3.614756	 3.544697	 3.429833	 3.183561
205627_at  	   5.472177	 5.818648	 6.012034	 5.717371	 7.382855
205641_s_at	   7.241828	 7.465308	 7.448834	 7.392571	  9.13406
205647_at  	   5.452615	 5.306047	 4.984164	 5.160743	 4.691667
205649_s_at	   3.043659	 3.065334	 3.030422	 3.163733	 3.360071
205650_s_at	   6.224943	 6.206212	 5.814065	 6.073402	 6.826751
205657_at  	   6.401214	 6.847374	 6.815913	 6.893719	 6.990771
205658_s_at	   7.417628	 7.420598	 7.921303	 7.458723	 7.371884
205672_at  	   6.818845	   6.1195	  6.54816	 6.388107	 6.031873
205711_x_at	  10.847572	10.692578	10.626287	10.709642	10.385678
205719_s_at	   3.413216	 3.491391	 3.669281	  3.61363	 3.370041
205736_at  	   5.014093	 5.534039	 6.176001	 5.328666	 6.758579
205754_at  	   6.317555	 7.125203	 7.252921	 7.185548	 7.068487
205756_s_at	   5.866348	  5.09699	 5.403969	 5.535917	 4.676193
205760_s_at	   5.303468	 5.025341	 4.549451	 4.434404	 4.767737
205770_at  	    8.26071	 7.799667	 7.890418	 7.870364	 7.260641
205899_at  	   4.511875	 4.452445	 4.495732	 4.269893	 4.659969
205909_at  	   8.310098	 7.273273	 7.139156	 7.335325	 6.828843
205930_at  	   7.347934	 6.109545	 5.993483	 6.254774	  5.84963
205936_s_at	   6.500498	 6.749791	 6.866175	 6.526163	 7.675702
205943_at  	   4.429929	  4.62718	 4.421025	 4.731733	 4.240225
205966_at  	   6.564734	 4.317461	  4.92683	 4.344806	 4.138579
205996_s_at	   7.965288	 7.086481	 7.505412	 7.525247	 7.124667
206012_at  	   6.438841	 6.438841	 6.405608	  6.77753	 6.789478
206024_at  	   5.311784	 5.734511	 5.255204	 5.310494	 5.983543
206049_at  	   6.689154	 6.676135	  6.41341	 6.346663	 6.483092
206052_s_at	   9.361207	 7.455887	 7.946126	 8.294354	  7.05497
206054_at  	   4.788987	 5.107515	 4.974785	  5.27023	 6.472222
206055_s_at	   9.022367	 7.852716	  8.03544	 7.955042	 7.095769
206065_s_at	   4.893488	   5.2202	 5.736971	 5.014811	 5.113464
206068_s_at	   4.398566	 5.076109	 4.573725	 4.415337	 4.892217
206069_s_at	   4.615967	 4.583712	 4.654696	  4.63165	 4.964814
206108_s_at	   9.570556	  9.33582	  9.77859	 9.662961	 8.893864
206121_at  	   4.995817	  5.01606	 5.498325	 5.262951	 5.381028
206177_s_at	   5.136785	 5.195119	 5.176903	 5.189474	 5.762585
206226_at  	   6.099218	 6.018535	 5.869326	 5.866637	 6.162571
206235_at  	   6.374124	 6.059644	 6.482781	 6.455042	 6.345835
206246_at  	   6.575722	 6.996046	 6.807769	 7.015895	 7.410321
206254_at  	   3.932636	 4.190748	 3.995579	 4.407237	 4.935835
206259_at  	   5.685165	 6.746236	 6.563462	  6.41752	 6.904747
206390_x_at	   6.986324	 7.379403	 6.999011	 7.179703	  6.96889
206488_s_at	    5.24003	 5.136089	 5.193563	 5.208133	  5.99961
206493_at  	   6.316216	 7.254847	 7.087071	 7.067594	 7.267119
206494_s_at	   4.633194	 4.851965	 5.061173	 4.760574	 4.962053
206521_s_at	   5.311204	  5.29623	 5.063546	 5.601158	 5.320458
206535_at  	   3.794709	 3.778113	 4.411877	 3.965457	 3.874925
206536_s_at	   4.789091	  4.44969	 4.384456	 4.430895	 4.495076
206537_at  	   4.575609	 4.521813	 4.513051	  4.48975	 4.430067
206598_at  	   5.159072	 6.272712	 6.163476	 5.717088	 6.392364
206603_at  	   5.914464	  6.50952	 6.121187	 6.238978	 6.989317
206613_s_at	   6.313745	 5.124148	 4.961074	 4.990845	 5.123553
206621_s_at	   9.893305	 9.797083	 9.888183	 9.931706	 9.311647
206643_at  	   4.702003	 5.138468	 4.908531	 5.003443	 5.048431
206662_at  	  11.175459	10.791676	10.901162	10.885351	10.569222
206665_s_at	   6.614437	 6.686179	 6.523459	 6.747749	 6.091543
206709_x_at	   6.641133	 7.290542	 6.804578	  6.77294	 7.310596
206742_at  	   5.540701	 5.771577	 4.914318	 5.565851	 5.491697
206768_at  	   5.274871	 5.012249	 5.363126	 4.896686	 6.210479
206789_s_at	    6.62013	 6.453272	 6.462581	 6.585832	 6.682135
206795_at  	   4.179211	 4.073892	 4.295362	 4.080569	 4.148873
206844_at  	   5.982892	 6.252279	 6.171852	 6.226708	 6.465429
206883_x_at	   6.481349	 7.606607	 7.249754	 7.116394	 7.653278
206916_x_at	   4.604538	 5.336005	 5.196324	 5.160738	 4.712983
206923_at  	   4.741097	 4.414001	 4.372043	 4.448974	 4.495822
206952_at  	   3.342237	  3.40655	 3.353526	 3.374202	 3.364441
206967_at  	   7.286515	 6.494979	 6.802834	 6.211327	 7.118125
207000_s_at	   3.858478	 3.898113	 4.252328	 4.180345	 4.013475
207005_s_at	   5.611983	 7.587351	 7.138953	 7.485126	 7.364201
207042_at  	   5.733754	 5.918359	   5.9457	  6.22878	 6.084275
207076_s_at	   7.072836	 6.759944	 6.636365	 6.488091	 6.532834
207113_s_at	   6.232658	  6.01853	 6.480775	  6.09577	 7.361104
207143_at  	    6.44469	 6.209764	 6.054255	 6.298526	   7.0914
207158_at  	   4.734948	 5.302103	 4.993654	 4.891687	 5.306877
207163_s_at	   7.995097	 7.639842	 7.765718	  7.75645	 7.553655
207181_s_at	   6.523759	   5.3099	 6.208777	 5.729434	 4.580843
207200_at  	     4.9073	 5.128377	 4.605845	 4.603313	 5.375378
207221_at  	   5.056393	 5.239778	 5.073275	 4.920557	 5.311567
207249_s_at	   4.747699	 5.307544	 5.244213	 5.630124	 5.173248
207312_at  	   6.243399	 6.832383	 6.475154	 6.380188	 7.541056
207335_x_at	   8.322238	 8.119143	 8.152832	 8.278998	 7.390664
207347_at  	   5.604729	  5.42431	 5.823498	 5.335885	 5.901948
207348_s_at	   6.795866	 6.774841	 6.917801	 7.028385	 7.217295
207389_at  	   5.999475	  6.15686	 6.148991	 6.093033	 7.130283
207515_s_at	   8.168448	 7.929661	 8.170357	 8.135851	 7.628292
207537_at  	   5.878331	 5.575984	 5.582319	 5.978017	 7.162036
207540_s_at	   6.544286	 5.853181	 6.016933	 5.994597	 6.283072
207544_s_at	   4.451425	 4.866896	  4.72458	 4.901035	 5.262426
207560_at  	   6.600224	 6.970477	 6.358264	  6.37375	 7.827693
207573_x_at	  10.758158	10.776182	10.967993	10.830775	10.582203
207643_s_at	     7.3513	 7.167525	 7.257143	  7.39854	 8.095564
207686_s_at	   6.326775	 6.200608	 5.918131	  6.12213	 5.899614
207805_s_at	   9.031744	 8.375868	 8.565546	 8.868521	 8.049419
207810_at  	   3.624769	 3.508536	  3.54807	 3.573191	 4.108564
207820_at  	   4.825279	 4.822704	 5.111584	 4.956162	 6.016558
207851_s_at	    5.49705	 6.537015	 6.635764	 6.426451	 6.268386
207858_s_at	   5.521666	 5.679216	 5.436984	 5.464934	 6.328917
207931_s_at	    6.66869	  6.50126	 6.810975	 6.685719	 7.203235
207957_s_at	   3.837005	 3.913671	 4.373994	 4.425853	 4.473689
207992_s_at	   5.969341	 6.548871	 6.377255	 6.812564	 6.564692
207999_s_at	   6.304793	 6.822769	  6.24221	 6.432142	 7.350091
208021_s_at	   7.311631	 7.167498	 7.277554	 6.930274	 6.600558
208066_s_at	   7.985655	 6.577656	 7.009234	 7.261227	 6.747629
208264_s_at	   6.951256	 5.484674	  5.82091	 6.117152	 5.237878
208290_s_at	   8.622186	 8.018895	 8.555219	 8.364915	 7.191402
208308_s_at	  10.517076	10.621602	10.677032	10.633076	 10.07623
208361_s_at	   7.480782	 6.996976	  7.04598	 7.483581	 7.613283
208368_s_at	   3.956142	 3.998129	  3.86776	 3.885194	 3.618329
208369_s_at	   7.108915	  6.89856	 7.013949	 7.088748	 7.814421
208383_s_at	   3.391993	  3.66917	 3.875381	 3.606839	 3.949396
208393_s_at	   6.315771	 6.195545	 6.012899	 5.576944	 6.116869
208442_s_at	   5.331079	 5.163561	 4.932388	 5.573356	 5.080312
208478_s_at	   6.989349	 6.697286	 7.343625	 7.186162	 6.794185
208536_s_at	    4.46653	 4.687327	  4.60407	 5.055259	 6.031873
208545_x_at	   4.696188	 5.129874	 4.814315	 4.901035	 5.390201
208619_at  	   9.065063	 9.133022	 9.180945	 8.974563	 8.761157
208620_at  	   9.387767	  9.56912	 9.793283	 9.896371	 9.091434
208624_s_at	   7.482406	 7.570213	 7.547025	 7.529762	 7.109696
208625_s_at	   8.271628	 8.633351	 8.738531	 8.959454	 8.005644
208627_s_at	  11.644908	11.853409	 11.92486	11.876802	 11.69657
208628_s_at	  12.111029	11.949758	12.027657	12.072203	11.848449
208629_s_at	   9.548975	 9.051899	 8.781895	  8.56258	 8.775328
208630_at  	   7.561699	 6.885593	 7.162776	 7.231326	 7.359515
208631_s_at	   8.624606	 8.023393	 8.478407	 8.153955	 7.505505
208642_s_at	  10.453304	10.025621	10.298246	10.336919	 9.682881
208643_s_at	   9.872576	 8.816738	 8.918111	 9.352219	 8.397658
208660_at  	   9.790018	 9.660169	  9.79496	 9.819063	 9.404086
208688_x_at	   9.826025	 9.500332	 9.757275	 9.874133	 9.843485
208692_at  	  12.500821	12.372993	12.472818	12.472729	12.362904
208694_at  	   8.477142	  6.79003	 7.321142	 6.943885	 5.320879
208699_x_at	   8.978298	 8.937993	 8.879759	 9.394698	 8.905826
208700_s_at	   8.724008	 8.701884	 8.689402	 9.005941	  8.68984
208705_s_at	  10.794734	10.501481	10.565956	10.659577	 9.769128
208706_s_at	   9.274387	 8.728498	 8.678656	 9.002993	 7.757935
208707_at  	   6.510909	 7.142404	 6.649498	 6.749185	  6.93345
208708_x_at	   9.348537	 8.945469	 9.570588	 9.286754	 8.409988
208711_s_at	   7.403295	 6.377462	 6.605788	 6.618441	 6.012241
208712_at  	   7.460048	  6.95639	 6.468774	 7.167056	 6.711667
208713_at  	   7.891948	 7.802858	 7.189686	 7.684458	 7.059539
208725_at  	   7.112297	 7.582115	 7.224818	 7.467834	 6.897841
208726_s_at	  10.100708	10.166029	10.084702	10.205448	 9.741303
208743_s_at	   8.852037	 7.674407	 7.638164	 7.628985	 6.557832
208745_at  	   7.777387	 7.257564	 7.274146	 6.514125	 5.846634
208746_x_at	  11.030676	10.886604	10.935355	 10.89228	10.731808
208756_at  	  10.317266	10.302681	10.396182	10.296219	 9.600715
208758_at  	   9.348958	 8.937616	 9.207884	 9.134518	  8.80016
208765_s_at	   9.180084	 9.132763	 9.373731	 9.356622	 8.799075
208766_s_at	  10.513713	 9.870589	 9.897133	10.044595	 8.511807
208768_x_at	  11.966837	11.933611	12.214316	12.081071	11.907644
208777_s_at	   9.723879	  9.32735	 9.516296	 9.606687	 8.831754
208789_at  	   8.488095	 7.927674	 7.969387	 8.157894	 7.547794
208790_s_at	    6.09256	 5.614302	 5.920407	 5.762503	 6.309923
208795_s_at	   9.536666	 9.102987	 9.288439	  9.14053	 8.948186
208799_at  	  10.642081	10.515313	10.686368	10.772247	10.153988
208804_s_at	   9.259162	 8.725425	 9.130365	 9.252344	 8.763625
208813_at  	   7.825605	 7.429299	 7.368549	 7.515978	 6.822389
208821_at  	  10.394731	 9.775144	 9.882349	10.124919	  9.68135
208827_at  	  10.040118	 9.884525	 9.990363	 9.944297	 9.613998
208856_x_at	  13.491422	13.212644	13.181554	13.179993	13.107599
208863_s_at	   9.409365	  9.48625	 9.730593	 9.598869	 9.004462
208864_s_at	   11.29272	10.937585	10.979373	10.986559	10.597542
208870_x_at	  11.161706	11.078666	10.958279	10.991354	10.824544
208879_x_at	    7.43096	 6.499695	 6.859011	 6.698537	 7.199971
208880_s_at	   8.195983	  7.65311	  7.85551	 8.115185	 7.928186
208887_at  	   9.668918	 9.778308	10.001338	 9.940119	 9.553855
208911_s_at	   7.354576	 6.838503	 7.199388	 6.581537	 6.615104
208922_s_at	   8.732507	 8.277939	 8.390503	 8.860596	 8.531554
208929_x_at	  12.136075	12.115362	12.207654	12.195576	12.119886
208967_s_at	   9.994638	 9.621829	 9.959878	 9.778956	 9.650046
208972_s_at	   9.062417	 9.050123	 9.176697	 9.201928	 8.706451
208985_s_at	   8.397658	 7.123286	 7.341017	 7.577766	 6.464881
208996_s_at	   9.221101	  8.81792	 8.946719	 8.968483	 8.438492
209036_s_at	   9.604384	    9.258	 9.409991	 9.379262	 8.931237
209040_s_at	   7.021834	 6.774221	 6.990535	 7.074656	 7.157937
209044_x_at	   8.496626	 7.587935	 7.924103	 8.442301	 7.228473
209085_x_at	   7.374687	 6.972569	 6.921936	 6.867061	 6.418695
209095_at  	  10.094016	 9.026415	 9.212899	 9.240207	 8.649989
209123_at  	   9.603811	 8.569859	 8.924158	 8.995671	 8.379455
209147_s_at	   6.344947	  6.15425	 6.003548	 6.114625	 6.129653
209155_s_at	   7.223426	 6.258895	 5.626623	 5.897686	 5.052545
209161_at  	   9.368742	 8.786854	 8.716708	 8.705851	 8.336171
209162_s_at	   9.372939	 8.567435	 8.948453	 8.827087	 8.290529
209178_at  	   7.526065	 8.007129	 8.164632	 7.779044	 8.243764
209184_s_at	   6.269438	 6.229143	 6.406572	 6.239836	 6.799263
209185_s_at	   6.365362	 5.797411	 6.003795	 5.735914	 5.517382
209219_at  	    8.35494	 8.406772	 8.564617	 8.584821	 8.724309
209265_s_at	   7.978162	 7.397687	 7.558413	 7.498606	 6.735829
209269_s_at	   5.169552	  5.80741	  5.24733	 5.600528	 5.030162
209276_s_at	  10.473655	10.339207	10.503865	10.432282	10.214992
209294_x_at	    8.40281	 8.466298	 8.810589	  8.61422	  8.31002
209295_at  	    8.29116	 8.170766	 8.572357	 8.317677	 7.392012
209302_at  	   9.948438	  9.48636	 9.890668	 9.990444	 9.569192
209317_at  	   8.238942	 7.372391	 7.520697	 7.947984	 6.893646
209330_s_at	   9.107652	 7.985692	 8.373831	  8.12001	 7.281444
209334_s_at	   5.987997	 5.968494	 5.774803	 5.866875	 5.673576
209349_at  	   4.909649	 5.273505	 4.906413	 4.549298	 5.069008
209355_s_at	   4.593979	 4.776449	 4.658769	 4.470941	  4.53923
209358_at  	   6.665313	 5.614459	 6.301372	 6.222007	 5.174726
209364_at  	   7.533012	 7.539213	 7.553217	 7.381323	 7.421108
209375_at  	   7.810209	 7.998454	 8.173636	 7.992593	 8.500208
209381_x_at	   6.758595	  6.40288	 6.515141	 6.584084	 6.703866
209429_x_at	   8.609091	 7.652341	 8.083008	 8.132242	 8.166412
209433_s_at	   8.216408	  6.94696	   7.3209	 7.111298	 6.379896
209434_s_at	   7.940503	 6.520118	 6.926511	    7.165	 6.852271
209438_at  	   5.845306	 6.123539	 6.068622	 5.917597	 7.473969
209439_s_at	   6.541059	 6.530802	 6.788681	 6.688447	 6.112595
209449_at  	   8.257252	 8.137947	 8.246426	 8.362954	 8.328286
209463_s_at	   7.593807	 6.540534	 6.754255	 7.140536	 6.497817
209491_s_at	   5.841318	 6.511502	 6.209597	 6.601279	 7.274412
209492_x_at	  10.149228	 9.844217	 10.10171	 9.937341	 9.301521
209507_at  	   8.078364	 7.953634	 8.269938	 7.660127	 7.363039
209519_at  	   4.726965	 4.129708	 4.748249	 4.556653	 4.378266
209520_s_at	   8.154591	 7.002694	 7.074287	 7.210908	 6.648337
209529_at  	   7.561469	 7.159427	 7.060177	 7.283961	 6.634269
209531_at  	   6.703946	  6.86502	 6.532641	 6.664418	 7.152727
209540_at  	   4.163466	 4.146825	 4.172555	 4.127929	 4.622501
209541_at  	   4.360721	 4.704376	 4.376086	 4.446836	 4.389136
209542_x_at	   5.991458	 6.049216	 6.079565	 6.027242	 6.325891
209549_s_at	    9.00409	 8.616204	 8.556176	 8.489211	 8.098884
209555_s_at	   3.619623	 3.445532	 3.587162	 3.588419	 3.334743
209561_at  	   5.931315	  6.18389	 6.052476	 6.075952	 6.458409
209579_s_at	   7.591256	 6.825902	 6.941102	 6.596201	 6.104799
209580_s_at	    7.01841	 5.506367	 5.569716	 6.291855	 5.675383
209595_at  	   5.397105	 5.261956	 4.790947	   5.1584	 5.357596
209623_at  	   8.931151	 8.399201	 8.341348	 8.458262	 8.276463
209624_s_at	   7.622803	 7.022742	 6.649741	 7.102058	 7.039585
209675_s_at	   7.436343	 7.463707	 7.282449	  7.94964	 7.379817
209685_s_at	   5.106767	 5.345805	 5.226008	 5.146963	 5.740857
209696_at  	   6.385062	 6.950056	 6.499617	 6.304097	 7.141628
209731_at  	   5.981263	 6.067306	 6.227268	 6.589095	  6.25164
209747_at  	   6.857628	 6.782446	 6.644668	 6.550998	 7.767401
209759_s_at	   7.681414	 7.369056	  7.40669	 7.550189	 7.255335
209773_s_at	  10.967968	10.480279	10.621011	10.773993	10.130692
209825_s_at	   9.374313	 8.808607	 9.288894	 9.118242	 8.674422
209941_at  	   6.947296	   6.2596	 6.193578	 6.625583	  6.75619
209946_at  	   4.655604	 4.876323	 4.776166	 4.402174	 4.635826
209961_s_at	   7.175712	 7.149977	  6.82238	 7.137033	 6.961329
209977_at  	   5.492484	   5.7644	 5.767257	  5.88637	 6.128392
209978_s_at	    5.45348	 5.579412	 5.962725	 5.446036	 6.110775
209979_at  	    6.40283	 8.601689	 8.229956	 8.305564	 7.608929
209980_s_at	   7.361441	  6.99336	 7.066006	 6.952676	 6.896315
209992_at  	    5.09965	 4.882212	 4.743763	 4.975068	 5.908542
210005_at  	   6.344953	 4.406274	 5.172989	 4.371428	 3.542153
210014_x_at	   8.702057	 8.697218	 8.604378	 8.640954	  7.97978
210021_s_at	    7.06838	 6.660632	 6.800874	 6.759586	 6.696107
210027_s_at	   10.20495	 9.743851	10.100556	 9.919319	 9.528273
210028_s_at	    6.70193	 6.022511	 6.073867	 6.294331	 5.675801
210035_s_at	   3.302917	 3.590954	  3.21092	 3.329634	 3.804907
210049_at  	   4.923361	  5.29707	 5.868614	 5.231572	 5.861619
210050_at  	   5.460801	 4.497298	 4.807226	 4.770778	 4.965919
210053_at  	   7.319029	 6.477447	 6.528353	 6.481688	 6.432456
210131_x_at	   9.210622	 8.895017	   8.9084	 8.856163	 8.353022
210137_s_at	   9.476488	 8.548538	 9.032253	 9.125725	 7.997818
210149_s_at	  10.436467	 9.962728	10.066705	10.006297	 9.651551
210158_at  	   6.416092	 6.321106	 6.270129	 6.104147	 6.416581
210164_at  	   4.424197	 4.463181	 4.391632	 4.422104	 4.822835
210250_x_at	   9.049349	 8.430243	 8.683638	 8.765285	 8.107734
210301_at  	   6.634664	 6.901819	 7.019495	 6.309383	 7.713926
210337_s_at	   8.908935	 8.679909	 8.719424	 8.667449	 7.910986
210401_at  	   6.667129	 6.844708	 6.586614	 6.663518	 6.939077
210405_x_at	   8.236467	  8.24071	 8.494726	 8.263164	 7.846539
210416_s_at	   7.317426	 6.814669	 6.737416	 6.646127	 6.857748
210418_s_at	   8.664168	 8.316155	  8.45544	 8.425689	 8.244355
210451_at  	   5.341552	 5.172558	 5.579121	 5.086045	 5.613642
210453_x_at	  10.950499	10.763027	10.795942	 10.88665	10.536162
210460_s_at	   9.459872	 9.218503	 9.384495	  9.43944	 8.837124
210465_s_at	   6.489721	  4.95214	   5.8528	 5.503301	 5.615598
210477_x_at	   6.915816	 6.926251	 7.170198	 6.764844	 7.200115
210495_x_at	   6.134763	 6.591862	 6.423158	 6.240856	 5.311251
210501_x_at	  10.258742	10.211678	10.351846	10.353109	 9.879683
210505_at  	   4.616113	 4.887767	 4.736122	 4.950524	 5.146845
210512_s_at	   7.255919	  5.45716	 5.774787	 5.612227	 3.996188
210513_s_at	   6.790132	 6.873264	 6.960807	 6.860293	 6.416581
210543_s_at	   8.630409	  8.42098	  8.68064	 8.665538	 7.758363
210559_s_at	   9.363218	 8.625771	 9.414582	 9.246794	 8.611739
210620_s_at	   7.029693	  6.66499	 6.725725	 7.148111	 6.984097
210630_s_at	   5.200951	 4.450443	 5.357744	 4.989987	 4.788143
210646_x_at	   13.26098	12.977228	13.043476	13.110612	13.046413
210653_s_at	   5.657662	 4.837149	 5.545559	 5.324213	 5.071657
210663_s_at	   6.088517	 6.418146	 6.979012	 6.598522	 7.200426
210671_x_at	   6.308824	 6.143314	 6.040716	 5.753849	 5.871641
210678_s_at	    7.52231	 7.949456	 7.726666	 7.835998	 7.845687
210708_x_at	   6.200788	 6.191228	   5.8753	 6.000472	 6.793163
210759_s_at	   10.58616	10.619302	10.595816	10.544255	 9.749235
210775_x_at	   7.150512	 6.784858	  6.99435	 6.937644	 6.794914
210858_x_at	   6.153002	 6.453818	 6.331006	 6.261942	 6.961387
210865_at  	   5.437789	 6.621063	 6.047235	 5.799085	 7.161202
210946_at  	   5.414845	 4.733848	 4.863274	 4.886129	 4.190948
210949_s_at	  10.070591	   9.7114	 9.828534	10.138348	 9.381553
210955_at  	   6.263238	 6.496491	 5.820321	  6.28294	  6.61097
210963_s_at	   5.520804	 5.443812	 5.303948	 5.545969	 5.791154
210964_s_at	   5.020367	 5.236143	 4.997664	 5.169324	 4.825088
210976_s_at	   9.613039	   9.4799	 9.374153	  9.57079	 9.214171
210983_s_at	   9.937443	 9.725106	 9.701735	 9.873017	 9.366922
210997_at  	   4.794056	 4.377339	 4.803335	 4.939253	 3.827828
210998_s_at	     5.4186	 5.610335	 5.823909	 6.003691	 6.845868
211023_at  	   8.517092	 6.746978	 6.784943	 6.924254	 6.133694
211028_s_at	   7.476199	 7.528243	 7.447196	 7.455708	 7.613673
211065_x_at	   7.679539	 8.525623	 8.304121	 8.385044	 8.368309
211073_x_at	  12.557232	12.469286	   12.558	12.517233	 12.50725
211121_s_at	   7.294306	 7.058304	 7.000485	 7.026361	  7.68167
211138_s_at	   5.147817	 5.003034	 5.091809	 5.050591	 5.134513
211150_s_at	   7.599089	 6.873851	 6.875889	 6.694425	  6.27861
211167_s_at	   5.585332	 6.153509	  6.75012	 5.993667	   7.0171
211185_s_at	   8.961719	 7.864222	 8.422404	 8.169775	 6.647288
211212_s_at	   7.796423	 6.204621	 6.733342	 6.515383	  5.79997
211270_x_at	  10.437758	10.336688	10.233294	10.407595	10.070366
211271_x_at	  10.050824	10.352936	10.301093	10.587585	10.124716
211275_s_at	   9.147977	 7.735213	 7.896859	 8.033348	 7.057869
211277_x_at	   6.321787	 6.384238	 6.315905	 6.303667	  6.22844
211297_s_at	   8.125625	 7.293516	 7.771509	 7.747693	 6.732869
211298_s_at	   3.303451	  3.45233	 3.691399	  3.33785	 4.395716
211300_s_at	   6.138562	 5.488734	 4.919159	  5.36712	  5.98153
211323_s_at	   5.484642	 5.535735	 5.134733	  5.29292	 5.938224
211333_s_at	    4.61866	  5.19996	 5.002885	 4.646943	  5.57014
211357_s_at	    4.48743	 5.648383	 5.040384	 4.978818	 5.079056
211426_x_at	   6.934631	 6.286301	 6.772058	 6.733487	 6.648666
211429_s_at	   5.921348	 5.771245	 5.808675	 6.029079	 6.144338
211487_x_at	  12.825236	12.877931	 12.88052	12.828907	  12.8335
211501_s_at	   8.679863	 8.426912	 8.663047	 8.835364	 8.162642
211525_s_at	   3.815077	 3.906151	 3.997319	 3.832389	 3.854276
211527_x_at	   6.922923	 6.718623	 6.794666	 6.608943	 7.240261
211540_s_at	   6.259771	 5.570853	 5.730026	  5.66017	 6.428681
211542_x_at	   12.84896	12.858953	12.905145	12.888101	12.784037
211552_s_at	   6.549338	 6.893129	 6.684487	 7.376413	 6.731262
211553_x_at	   5.235257	 5.101976	 5.078106	 4.902846	 4.925408
211554_s_at	   7.078943	  6.95639	 6.993839	 6.938512	  5.94287
211569_s_at	   7.362483	 6.339188	 6.288521	 6.335104	 5.680823
211577_s_at	   6.556086	 6.751458	 6.717987	 6.878163	 8.003004
211609_x_at	   9.786638	 9.700502	 9.817319	 9.675371	 9.265654
211666_x_at	   12.36487	12.231855	12.352553	12.354754	12.235575
211692_s_at	   6.481966	 8.696438	  8.57141	 8.212465	 8.271711
211710_x_at	  12.582953	12.645515	12.684904	12.700692	 12.55132
211715_s_at	   7.209696	 6.888483	 6.763008	 6.852751	 6.812942
211719_x_at	   4.875421	 5.028531	 5.041701	 5.048034	 4.566361
211720_x_at	  13.339498	13.033119	13.109506	13.207351	13.043187
211725_s_at	   8.481123	 8.253678	  8.41086	 8.524197	 8.047493
211746_x_at	  10.629668	10.251234	10.420996	10.194235	10.037564
211755_s_at	  10.706606	 9.983634	10.254928	  10.3036	 9.666507
211784_s_at	  10.307773	 9.549139	 9.971237	 9.857541	 9.200009
211804_s_at	     8.4964	  7.61933	 7.540665	 7.990293	 7.937209
211814_s_at	   8.080041	 6.418495	 6.430757	  6.45542	 5.308202
211832_s_at	   5.475743	 5.134667	 5.671156	 5.465363	 5.035017
211833_s_at	    7.69681	 6.589259	 6.801535	 6.968317	  5.79336
211849_s_at	   5.393612	 4.869766	 4.713739	 5.091801	 4.734595
211851_x_at	   6.796463	 6.925693	 6.953595	 6.929855	 7.534204
211888_x_at	   6.328792	 6.579473	 6.484649	 6.228249	 6.146816
211904_x_at	   5.292189	 5.458427	 5.644007	 5.905487	 6.506999
211922_s_at	   6.794357	 6.141392	 6.545569	  6.17279	 6.314693
211925_s_at	   3.220919	 3.282403	 3.100283	 3.140374	 4.568987
211929_at  	   8.446033	 6.700021	 6.609526	 7.171504	 5.861528
211930_at  	   7.019513	 7.057503	 7.110478	 7.001495	 6.533723
211937_at  	   9.919698	  9.82196	 9.931433	10.074172	 9.604919
211938_at  	   9.617639	 9.371786	 9.172511	 9.467607	 9.170177
211942_x_at	  12.287868	12.112154	12.342341	12.296528	12.152712
211945_s_at	  11.262488	11.286827	11.215258	11.197591	11.122375
211972_x_at	  12.817015	12.738505	12.807788	12.804851	12.740921
212015_x_at	  10.094613	10.332173	10.228181	10.555657	10.107606
212016_s_at	   9.620616	 9.626154	 9.885677	 9.887927	 9.280217
212039_x_at	  12.588327	12.445318	12.529977	12.484695	12.415998
212042_x_at	   12.11302	11.958705	12.175557	12.174234	11.945886
212046_x_at	   7.692246	 8.214217	 7.808325	 7.799762	 8.396989
212085_at  	   11.16948	11.251725	11.543841	11.513643	11.196278
212105_s_at	   8.169417	 6.498441	 6.368283	 6.472633	 6.421425
212107_s_at	   9.046327	 7.713868	 8.364747	 8.135504	  7.54493
212141_at  	   9.174281	 8.639639	 8.804727	 8.851238	 8.499882
212142_at  	    8.49455	 7.539542	  7.84128	 7.841746	 7.515678
212171_x_at	   7.988709	 8.058714	  8.13448	 8.067073	 8.027138
212173_at  	    7.28473	 7.401494	  7.29265	 7.503228	 6.893163
212174_at  	   8.384702	 7.383795	 7.552122	 7.853089	 6.417591
212175_s_at	   9.536441	 8.831417	  8.94324	 9.065885	 8.876733
212186_at  	   8.079548	 7.947875	  7.83708	 7.714796	 7.523639
212191_x_at	  12.093969	 11.96466	12.103158	12.033764	11.969696
212218_s_at	   8.664305	 8.741615	 8.434342	 8.846307	 8.642844
212224_at  	   3.472883	 3.624168	 3.605889	 3.680708	 4.747297
212226_s_at	   5.960559	 5.658744	 5.687437	 5.463578	 5.420396
212230_at  	   4.942079	 4.904737	 5.333364	 4.873094	 5.036179
212266_s_at	   9.024131	 8.573558	 9.191127	 9.097323	 8.577876
212270_x_at	  12.622311	  12.5322	12.657224	12.652589	12.546949
212296_at  	  10.379597	  9.65914	 9.988616	 10.02746	 9.320908
212312_at  	   7.960803	 8.104791	 8.279502	 8.635901	 8.135587
212330_at  	   8.575978	 7.954031	 7.585932	 7.689139	    7.526
212351_at  	   7.829288	 7.721493	 7.575629	 7.851012	 8.087782
212360_at  	   7.609088	 7.478603	 7.818295	 7.823467	 7.889689
212378_at  	   7.896507	 7.042647	 7.092032	 7.357153	 6.625945
212379_at  	   8.599435	 8.245275	 8.651208	 8.251792	 8.596888
212429_s_at	   7.968555	 7.265395	 7.080471	 7.274762	 7.283638
212433_x_at	  12.776936	12.520867	 12.62932	  12.6302	12.470819
212464_s_at	   5.113175	 5.341345	 5.186969	  5.20749	 5.034874
212490_at  	   5.676547	 5.727901	 5.265049	 5.428639	 5.515384
212491_s_at	   8.374802	 7.972696	 8.280409	 8.452998	 8.160535
212525_s_at	   7.295649	 7.647826	 7.375368	 7.640539	 7.893816
212533_at  	   8.358839	 6.385384	 6.663542	 6.731612	 6.354045
212537_x_at	  12.602394	12.631152	12.692209	12.631123	12.617154
212568_s_at	   7.605471	 6.005372	 5.668046	 6.276104	 5.294009
212578_x_at	  12.798212	12.769934	12.858527	12.800725	12.687417
212581_x_at	  13.176182	12.919657	 12.91757	12.993747	12.975232
212626_x_at	  10.587549	10.480381	10.730792	 10.44212	 9.868119
212667_at  	   4.556588	 4.630852	 5.375219	 4.802965	 4.575117
212694_s_at	   9.026461	 8.392817	 8.329328	 8.347111	  7.43769
212716_s_at	  10.043334	  9.39229	 9.722591	 9.859861	 8.693368
212718_at  	  10.214479	 9.158308	 9.337267	 9.247114	 8.406187
212720_at  	   8.496595	 6.220731	 6.209975	 6.353138	 5.895935
212734_x_at	  12.712156	12.654367	12.874179	12.842048	12.661931
212739_s_at	   7.625961	 7.819266	 7.827639	 8.098628	 7.790285
212782_x_at	  10.052274	 9.865619	 9.925464	10.063108	 9.405817
212790_x_at	  13.177159	12.974195	13.032452	13.037567	13.004944
212826_s_at	  11.296616	11.432634	11.552398	11.695771	11.199195
212836_at  	   6.624346	 5.660374	  6.31374	 6.102755	 5.611951
212933_x_at	  11.698873	11.793733	11.858185	12.010428	11.720484
212955_s_at	   8.423475	 8.074126	 7.994791	 8.358433	 7.580253
213011_s_at	  10.971125	10.620147	10.697464	10.753887	10.337161
213041_s_at	   7.921658	 8.380944	 8.360407	 8.552249	  8.04248
213080_x_at	  12.177579	12.075386	 12.29697	12.164402	12.005799
213090_s_at	   6.663714	 5.670782	 5.417055	 5.574927	 6.112522
213093_at  	    5.64919	 5.312076	 5.344154	  5.00726	 4.862553
213121_at  	   5.115234	 6.501346	 6.592157	 5.941659	 7.036349
213149_at  	   6.779773	 5.978874	 5.829249	 5.781504	 5.712052
213175_s_at	   11.56822	11.652597	11.677375	11.753917	 11.39675
213203_at  	   8.358851	  7.46725	 7.545253	  7.60247	 6.566269
213222_at  	   4.866781	  4.78956	 4.722798	 5.009671	 4.437584
213223_at  	   7.630574	 8.535647	 8.132824	 8.290381	 7.720404
213226_at  	    7.70731	 6.068637	 6.297037	 6.377557	 5.414069
213263_s_at	   7.325495	 6.134783	  6.60815	 6.861173	 6.533362
213264_at  	   6.594327	 6.697078	 6.352563	 6.411961	 6.476928
213302_at  	   8.793432	 8.089324	 8.212112	 8.051263	 7.216769
213321_at  	    6.33819	 6.571825	  6.23727	 6.313736	 6.409068
213324_at  	   7.768807	 7.660781	  7.55338	 7.534435	 6.609982
213333_at  	   6.998212	 6.979474	 6.755805	 7.009733	 6.586982
213356_x_at	  12.157019	11.994462	11.868542	11.818157	11.818508
213366_x_at	  10.708519	10.611473	10.533217	10.703046	10.354664
213373_s_at	   7.290479	 5.843094	 5.810642	 6.213912	 4.937927
213374_x_at	   5.401092	 4.455668	 4.309243	  4.74094	 4.153193
213377_x_at	  12.595482	12.610855	12.721295	12.682903	12.642606
213414_s_at	  12.772151	12.502395	12.542726	12.587339	12.417871
213453_x_at	  12.894425	12.594558	12.633815	12.772521	12.655948
213461_at  	   8.125538	  6.52787	 6.759577	 6.674947	  5.61452
213468_at  	   5.848321	 6.651578	 6.513665	 6.191602	  6.62801
213470_s_at	    9.21285	 9.025642	  9.12998	 9.060393	  7.91362
213523_at  	   8.322307	 8.161241	 8.154066	 8.193601	 8.078759
213564_x_at	  11.933728	11.754411	11.837093	11.819141	 11.71889
213588_x_at	  12.399282	12.400555	12.359095	12.324098	12.258802
213604_at  	   6.785101	 6.637768	 6.629408	 6.651522	 6.447385
213632_at  	   6.438224	 6.537465	 6.607389	 6.644704	 6.997661
213647_at  	   7.282806	 6.841088	 6.954518	 6.261261	  6.30233
213649_at  	   7.732759	 6.592537	 7.109072	 6.877078	 6.771013
213653_at  	   5.602523	 5.599183	 5.781172	 5.796688	 5.245591
213687_s_at	  11.273194	11.448438	11.299448	11.317584	 11.16992
213706_at  	   5.585896	 6.530176	 6.030147	 5.738901	 6.496565
213734_at  	   6.309985	 4.955416	 4.800237	 5.332496	 4.851279
213738_s_at	  11.053742	10.526998	10.828698	10.801808	10.314353
213762_x_at	  10.236981	 9.866888	 9.874807	10.005794	 9.176859
213792_s_at	   7.368781	 6.860708	 5.903362	  6.88101	 5.703061
213801_x_at	  12.794979	12.700611	12.731705	12.718908	12.633003
213813_x_at	   6.143036	 7.903587	 6.789343	 6.457461	 6.433148
213887_s_at	   9.342544	 8.720863	 8.955754	 9.128401	 8.068945
213969_x_at	  12.462136	12.345185	 12.49984	12.447213	12.446308
214042_s_at	   9.680991	 9.626122	 9.692138	 9.510075	 8.627332
214047_s_at	   7.234496	 5.791719	 5.778196	 6.192812	 5.337512
214097_at  	   8.065717	 8.064439	 8.207947	 8.202918	 7.822889
214141_x_at	  10.462665	 9.964584	 10.42432	10.386704	 9.704077
214144_at  	   6.122003	 5.259818	 5.924184	 5.604524	 4.669397
214146_s_at	   4.004256	 4.197829	  3.86766	 4.039231	 4.427947
214167_s_at	  11.626529	11.584125	11.743811	11.608152	11.484374
214170_x_at	   8.790676	 9.062882	 8.805791	 8.753785	 8.079031
214203_s_at	   6.161017	 6.236594	 6.052347	 6.129185	 6.878442
214261_s_at	    5.57424	 5.888137	 5.787391	 5.826738	 6.430251
214263_x_at	   7.405372	 6.969381	  7.07684	 6.876814	 6.723067
214271_x_at	     12.539	12.290425	 12.31064	12.314399	12.204783
214288_s_at	  11.059582	10.832758	11.122911	 10.96542	10.457156
214305_s_at	   8.607275	 7.733483	 7.670198	 7.605075	 7.835153
214308_s_at	   5.404062	  5.76066	 6.214073	 5.879507	  6.82998
214309_s_at	   5.957879	 6.517297	 6.276295	 6.284123	 7.180097
214317_x_at	  11.113223	11.300601	11.290052	11.546929	11.196608
214329_x_at	   2.969573	 3.282941	 3.174161	 3.176779	 2.812419
214333_x_at	    7.61286	 7.809582	 7.711924	 7.620138	 8.265952
214351_x_at	  11.950218	 12.03641	12.107817	12.142658	12.012476
214377_s_at	   5.538141	 6.041681	 6.183619	 5.826738	 6.204506
214390_s_at	   5.681881	 5.749799	 5.453406	 5.356753	 5.820251
214431_at  	   9.082274	 8.689639	 8.907057	 9.039146	  9.05439
214452_at  	   3.484284	 3.754474	 3.520729	  3.44458	 4.518838
214584_x_at	   5.775011	 5.565914	 5.522157	  5.55862	 5.714112
214621_at  	   3.875605	 3.632189	 4.292799	  4.02112	 3.844069
214638_s_at	   4.768691	  4.60683	 4.325776	 4.473375	 3.853383
214664_at  	   5.301968	 5.435528	 5.820321	 5.342643	 5.088945
214687_x_at	  11.501809	11.574004	11.688682	11.698365	 11.60605
214690_at  	   3.720965	  3.51011	 3.731884	 3.381855	 3.694823
214701_s_at	   5.443248	 5.776376	 6.008442	 5.852188	 7.114338
214702_at  	   3.558395	  3.87308	 3.560866	 3.337739	  3.59638
214710_s_at	   9.448482	 8.458941	 9.119578	 8.854596	 8.244563
214737_x_at	  10.703245	10.635965	10.756022	10.749912	10.083459
214853_s_at	   9.801668	 9.509903	10.058091	10.056355	 9.690202
214881_s_at	   6.064849	  6.06121	  5.74108	  5.90616	 6.127199
214882_s_at	  10.348395	 9.831891	10.151951	10.319372	 9.559298
214953_s_at	   8.812136	 7.781675	 8.040289	 7.763989	 7.120082
215001_s_at	   9.104724	 7.113356	  7.63082	 7.675146	 6.934851
215037_s_at	   7.873976	 7.625724	 8.288207	 8.122546	 7.770709
215088_s_at	   8.108883	 6.949989	 7.037611	 7.096805	 5.968785
215091_s_at	   10.43142	10.099599	10.328126	10.174641	 9.421576
215165_x_at	   8.569437	 7.557564	 7.920011	 7.922619	 7.477554
215195_at  	     6.6679	 6.011344	 6.102083	 6.366461	 5.838142
215210_s_at	   8.593653	 8.320925	  8.53376	 8.312159	 8.214753
215230_x_at	   9.166665	 8.780829	 9.038867	 9.236313	 8.557118
215482_s_at	   8.452695	 8.285966	  8.49091	 8.583497	 8.402547
215486_at  	   4.491702	 4.244409	 4.079441	 4.019463	 4.768466
215535_s_at	   7.384332	 7.449186	 7.619567	 7.442804	 7.998246
215676_at  	   5.987401	 6.446941	 6.206046	 6.908977	 7.383886
215677_s_at	   5.864552	 6.416794	 6.640709	 6.287136	 6.493845
215687_x_at	   6.495826	 6.316988	 6.279344	 6.143925	 7.018293
215695_s_at	   4.258246	  5.79244	 5.730026	 5.721925	 5.783317
215711_s_at	   7.386221	 6.732789	 7.511542	 7.289641	 6.941217
215719_x_at	   7.684107	 6.893612	 7.023008	 7.082818	 5.226345
215722_s_at	   7.954923	 8.149234	 8.538919	  8.12417	 7.785029
215794_x_at	   8.498316	 7.896182	 8.071176	 8.010732	 7.717281
215905_s_at	   9.168655	 8.536674	 8.534031	 8.616264	 7.868649
215926_x_at	    8.26649	 8.861525	 8.945173	 9.050192	 8.489968
215963_x_at	  12.181784	12.248077	12.284171	12.325854	 12.28888
215966_x_at	   5.168702	 4.864834	  5.17687	 5.152277	 5.662839
215977_x_at	   6.138423	  6.17411	 6.130603	 6.812825	 6.146905
216026_s_at	   7.280993	 7.136605	 7.551967	 7.379877	 7.605543
216061_x_at	   6.516075	 7.210537	 6.924362	 6.972935	 7.332161
216088_s_at	    8.00631	 7.586446	 7.864344	 7.933963	 6.899765
216226_at  	   5.980979	 5.359913	 5.716199	 5.681029	 4.707325
216236_s_at	   6.811244	 6.140382	 6.110984	 6.383079	 6.464731
216237_s_at	   8.563519	 7.464169	 7.782397	 7.859956	 7.071394
216238_s_at	   3.482009	 3.581715	 3.982889	 3.598574	 4.281574
216241_s_at	   9.785661	 9.511613	  9.62928	 9.574715	 9.175653
216252_x_at	   7.873767	 7.398967	 7.715952	 7.093015	  6.03712
216282_x_at	   6.065661	 5.552582	 5.541471	 5.766693	 6.821658
216306_x_at	  10.518264	10.342458	10.168897	10.628335	10.009532
216316_x_at	   6.070056	 6.155633	 6.395275	 6.139798	 6.080585
216442_x_at	   4.929961	 5.333432	 4.902361	 5.286204	  4.44896
216457_s_at	   8.049105	 7.371525	 7.187558	 7.440712	 6.313086
216505_x_at	   9.091026	 9.046847	 9.125981	 9.044583	 8.880218
216574_s_at	   6.254626	 5.800236	 5.408375	 5.802413	 6.405714
216591_s_at	   8.258072	 7.765007	 7.487734	 7.719354	 7.119686
216705_s_at	   6.035648	 6.246071	 5.971232	 6.530779	 6.398339
216711_s_at	   6.552052	 7.533493	 6.697768	 6.623951	 7.152727
216733_s_at	   5.552129	 5.977578	 5.672371	 5.928405	  5.05773
216762_at  	   4.787684	 4.744511	 4.917088	 4.739478	 5.597425
216835_s_at	   6.538933	  7.57544	 7.261061	 7.390632	 7.214819
216855_s_at	   7.497987	 7.612575	 7.799421	 7.855432	 8.104222
216941_s_at	   6.278425	 5.615937	 5.675055	 5.664059	 5.645555
216944_s_at	   4.587939	 4.755255	 4.507737	 4.596219	 4.598148
216956_s_at	   5.237145	  6.22087	 6.429751	 6.183197	 6.381712
216958_s_at	   6.907757	 6.535773	 6.536434	  6.60806	 6.064472
216977_x_at	   8.714794	 8.643006	  8.72831	 8.926145	 8.091123
217006_x_at	   5.241079	  6.45416	 6.287923	 6.473345	 6.928414
217010_s_at	   5.034444	 4.741847	 4.540018	 5.033765	 6.657465
217112_at  	   5.174489	 5.666728	  5.21185	 5.286874	 6.357181
217167_x_at	   5.822109	 5.836285	 6.042669	  6.53113	 5.998453
217202_s_at	   7.506955	 6.645068	  6.93934	 7.376651	 7.010747
217238_s_at	   4.593762	 5.078354	 4.737669	 4.799875	  5.38949
217294_s_at	  11.773543	11.520455	11.680047	11.600541	11.330111
217299_s_at	   7.141844	 5.430677	 5.562643	 5.866945	 4.764016
217356_s_at	  10.872913	 10.02524	10.118873	10.112076	 9.690333
217364_x_at	   5.135855	 5.045896	 5.002885	 4.687876	 5.266594
217370_x_at	   9.360926	 9.098931	  9.04487	 9.086474	 8.769208
217373_x_at	     8.1074	 8.428684	 9.232731	 8.320517	 7.488802
217388_s_at	   3.763099	 3.890286	   4.3003	 3.911274	 4.487603
217398_x_at	  13.023735	12.722862	12.865571	12.860478	12.798376
217420_s_at	   3.764808	 4.061793	 4.148815	 3.891099	 4.961164
217445_s_at	   5.704351	 4.542358	   4.9577	 4.742838	 4.038639
217466_x_at	  11.331643	11.173166	11.440099	11.043436	11.321433
217512_at  	   5.075392	 5.245279	 5.667416	 5.317424	 4.931361
217521_at  	   5.943116	 6.086246	 6.254091	 5.794294	 6.371929
217555_at  	   4.162516	  5.31482	 5.134983	 4.973786	  5.76896
217564_s_at	   3.879812	 3.548239	 4.207137	 3.885642	 3.491347
217583_at  	   3.929798	 4.527537	 4.576715	 4.148885	 5.175525
217717_s_at	   9.073717	 8.410486	 8.027486	 8.500538	 7.186908
217718_s_at	   10.84786	10.457629	10.424423	10.409242	 9.531623
217747_s_at	  11.720414	11.524564	11.746749	11.669875	11.318601
217757_at  	   5.448711	 5.603136	 5.399572	 5.659238	 6.239306
217801_at  	   9.967648	 9.429792	 9.711437	 9.541282	 8.659686
217848_s_at	  11.078902	10.764453	10.674869	 10.74547	10.649324
217854_s_at	  10.046676	 9.397528	  9.60889	 9.649849	 9.185686
217866_at  	   8.061557	 7.876958	  7.96715	 7.811337	 8.229807
217870_s_at	   8.629057	 7.469417	 7.831804	  7.98415	 6.667016
217874_at  	   8.711065	  8.73115	   8.7129	 8.695216	 8.098453
217876_at  	   7.115461	 6.903964	 7.101422	 7.053333	 7.286506
217917_s_at	   9.317621	 8.834067	 8.995485	 9.061414	 8.658213
217918_at  	   9.895363	 9.068834	 9.283001	 9.240177	 8.433879
218016_s_at	   7.228336	 6.475095	 7.183438	 7.298787	 6.567605
218096_at  	   8.627114	 6.903664	 7.526059	 7.684349	 6.291012
218110_at  	   5.720846	 5.876389	 5.454561	 5.968999	 6.391679
218258_at  	   9.707676	 9.622614	 9.800116	 9.461273	 8.843644
218343_s_at	   8.122915	 7.405347	  7.48412	 7.447709	 6.849033
218350_s_at	   9.100134	  8.01818	 7.924716	 7.830745	 7.247099
218381_s_at	   8.403224	 7.476365	  7.08627	 7.497091	 6.467463
218382_s_at	   7.298902	 7.429889	 7.477089	 7.519829	 7.179311
218387_s_at	    6.75365	 6.276602	 6.536764	 6.343221	 6.214671
218388_at  	   6.947627	 6.667551	  6.73064	 6.964724	 6.759136
218440_at  	   7.464374	 6.913139	 6.659825	 7.045359	 6.063922
218488_at  	   7.978109	 7.394002	 7.588733	 7.378448	 6.629051
218685_s_at	   6.813249	 6.356115	 6.322609	 6.220988	 5.727254
218790_s_at	   5.282381	 4.914926	 4.752942	 4.904542	 5.389613
218797_s_at	   7.250205	 7.240552	 7.498329	 7.532709	 6.950147
218830_at  	   9.449002	 8.944682	  9.42211	 9.088785	 8.122362
218954_s_at	   5.995095	 6.490769	 6.299604	  6.21836	 6.769365
218955_at  	   7.924703	 7.809412	 7.985569	 7.781466	 8.271733
219105_x_at	   7.754331	 7.183234	 7.612262	 7.504585	 6.305543
219198_at  	   8.477142	 8.218325	  8.39723	 7.974463	  7.59883
219214_s_at	   7.400951	  8.05806	 7.984144	  7.93564	 8.117711
219308_s_at	   6.047512	 6.050444	 6.418438	 6.041743	 6.146389
219350_s_at	   9.494073	 8.649929	 8.687045	 8.825372	 8.162337
219380_x_at	   3.051887	 4.437029	 3.659206	 3.467645	 3.881158
219459_at  	   7.265324	 6.611478	 6.403883	 6.446645	 5.706531
219485_s_at	   9.462085	 7.871878	 8.128032	 8.296015	 7.821001
219612_s_at	   4.116468	 4.414218	 5.002885	 3.819053	 4.955648
219693_at  	   5.231411	 5.806378	 5.984006	 5.721688	 6.870446
219723_x_at	   6.772315	 7.022116	 6.748953	 6.590664	 6.519763
219762_s_at	  11.063469	10.956219	11.316692	11.316232	10.856089
220113_x_at	   6.779274	 7.079246	 7.385343	 6.912735	 6.884345
220475_at  	   5.562543	 6.104791	 5.661571	 5.880369	 6.222363
220507_s_at	    5.24665	 5.837583	 5.274108	 5.527042	 6.145429
220604_x_at	   6.347239	  6.76883	  6.66639	 6.517051	 7.768266
220607_x_at	   9.481187	 9.230083	 9.018075	 8.991888	 8.324324
220651_s_at	   8.907051	 7.385299	 7.320595	 7.552736	 7.175499
220934_s_at	   7.085312	 7.159427	 7.187582	 7.105658	 6.383415
220960_x_at	  11.940607	11.869856	12.066956	 11.90591	 11.75493
221263_s_at	   10.32446	 9.780247	10.058195	 10.05263	 9.552664
221284_s_at	   5.374468	 5.774499	 6.391434	 5.531501	 7.238954
221480_at  	   7.238246	 6.199318	  6.14332	 5.990702	 5.658947
221481_x_at	  10.980363	10.750789	10.744128	10.632455	10.282803
221494_x_at	   9.975378	 9.962201	 10.13206	10.034275	 9.667332
221510_s_at	   8.759166	 6.102349	 7.003722	 7.148008	 5.093583
221539_at  	   8.845008	 8.812646	  8.72207	 8.924043	 8.908864
221540_x_at	   7.317451	 6.593607	 7.267253	 7.038621	 5.687203
221586_s_at	    6.76693	 5.404609	 5.925282	 5.719895	 5.751909
221588_x_at	   4.989604	 4.554272	 4.901309	 4.292401	 5.328882
221590_s_at	   4.013343	 4.121569	 4.294652	 4.069839	 4.112604
221669_s_at	     6.9424	 5.612501	 6.023926	 6.358028	 5.482778
221719_s_at	   4.579828	 5.162755	 5.332887	 5.129762	  5.75642
221721_s_at	   4.169672	 4.411458	 5.111109	 4.095696	 5.145318
221722_x_at	   4.601165	 5.364778	 5.367704	 4.964971	 5.916632
221726_at  	  10.092461	 9.706132	 9.815296	 9.732527	 9.142965
221737_at  	   5.259393	 5.610908	 5.381783	 5.290059	 5.646004
221761_at  	   8.085093	 6.425963	 6.938143	 7.254096	 5.757423
221770_at  	   8.008516	 6.867691	 6.720192	 6.589991	 6.250299
221775_x_at	  12.111857	12.041838	12.247887	12.070165	12.009706
221798_x_at	  13.237291	13.281076	13.193286	13.252836	13.244478
221873_at  	   6.019354	 5.486834	 5.086811	 5.487588	 4.715508
221928_at  	   5.512403	  6.44831	 6.251956	 5.645874	 7.232181
222021_x_at	   8.685124	 8.873604	 8.819886	 8.609314	   8.1194
222035_s_at	   8.763574	  6.89264	 7.545736	 7.446439	  5.63836
222036_s_at	   9.822561	  7.59634	 8.127109	 8.102005	 7.017551
222037_at  	   8.122806	 7.071729	 7.460267	 7.632057	 7.300759
222078_at  	   5.198771	 5.590589	 5.268068	 5.472571	 5.823982
222088_s_at	   6.623314	 6.514127	 6.352777	  6.02828	 6.397802
222104_x_at	    8.00499	 8.251967	 7.966593	 8.015656	 7.741343
222107_x_at	   6.212921	 6.817279	 7.112732	 6.223009	 7.357428
222286_at  	   3.823994	 3.804293	  3.65824	 3.814268	 3.501542
222343_at  	   5.116054	 5.335215	 5.546124	 5.079655	 6.059923
31835_at   	   5.092578	 5.468521	 5.433089	 5.292327	 5.709676
32541_at   	   3.419086	 4.521882	 3.699134	  3.71221	 3.837411
32723_at   	     5.4679	 4.722058	 5.151219	 5.093306	 4.676134
32836_at   	   7.853008	  8.29184	 8.112662	 8.156177	 7.941169
32837_at   	   9.524274	 9.512611	 9.514721	 9.517943	 9.336925
33132_at   	   7.789785	 7.956179	 8.148448	  8.31443	 8.074275
34225_at   	   7.344332	 6.418287	 6.935718	  6.78315	 6.804499
35201_at   	  10.061688	10.144348	10.069165	10.243439	 9.763443
35671_at   	   8.396392	  8.31421	 8.511041	 8.516516	   8.7416
37462_i_at 	    7.40764	 7.185557	 7.149703	  7.31252	 6.796703
40465_at   	   7.574984	 6.534018	 6.858768	 6.760118	 6.633045
43427_at   	   5.305617	 5.479529	 5.441276	 5.228118	 6.420738
49452_at   	    5.49761	 6.029141	 5.611945	 5.680882	 6.035739
