#Small_molecules_chEBI
151
422
1604
2181
2274
4170
4178
7125
8005
8082
9160
15346
15351
15354
15366
15372
15375
15377
15378
15379
15380
15414
15422
15428
15430
15437
15439
15449
15465
15466
15467
15468
15471
15473
15476
15486
15487
15517
15531
15532
15539
15544
15551
15553
15570
15603
15633
15635
15637
15639
15641
15652
15681
15682
15698
15713
15721
15724
15725
15729
15741
15756
15765
15784
15811
15824
15824
15842
15846
15858
15873
15882
15918
15919
15946
15956
15967
15971
15978
15996
15999
16001
16015
16027
16039
16040
16057
16077
16095
16108
16110
16113
16119
16134
16136
16189
16199
16235
16238
16240
16256
16265
16284
16301
16320
16330
16332
16335
16344
16356
16359
16382
16389
16414
16422
16467
16469
16474
16480
16497
16500
16507
16516
16526
16530
16584
16595
16610
16618
16643
16645
16670
16680
16695
16704
16708
16742
16749
16761
16796
16828
16830
16842
16856
16857
16858
16862
16863
16865
16870
16881
16891
16897
16905
16908
16919
16927
16938
16958
16960
16977
16990
16991
16995
17009
17012
17013
17015
17025
17033
17052
17053
17111
17115
17118
17148
17154
17172
17179
17191
17196
17200
17202
17203
17211
17232
17239
17245
17256
17263
17284
17295
17306
17310
17333
17345
17347
17351
17361
17363
17369
17381
17401
17407
17474
17489
17504
17509
17515
17544
17549
17552
17561
17562
17568
17596
17621
17622
17625
17627
17659
17665
17677
17709
17710
17712
17713
17748
17750
17754
17755
17775
17794
17797
17804
17815
17816
17821
17835
17843
17855
17858
17865
17895
17917
17925
17950
17976
17980
17981
17984
17985
17996
18005
18009
18012
18019
18021
18050
18066
18075
18077
18139
18191
18228
18272
18276
18290
18291
18295
18297
18304
18307
18315
18319
18327
18335
18348
18349
18357
18367
18368
18372
18384
18390
18405
18406
18408
18413
18420
27470
27638
28037
28061
28413
28542
28599
28602
28624
28654
28694
28803
28843
28846
28858
28911
28918
29052
29073
29101
29103
29105
29108
29888
30744
30746
30751
30753
30763
30769
30797
30817
30831
30915
30933
32364
32816
33447
35425
36062
38635
40356
40356
44074
48107
48854
51013
52639
